-30.851425 33.533127 0.0
30.01824 -65.34541 0.0
30.22309 65.33562 0.0
-31.416315 -35.102184 0.0
29.267794 -0.008908522 0.0
-8.5909395 65.382195 0.0
-8.117034 -65.32752 0.0
-31.07025 -0.7895739 0.0
30.34811 32.64959 0.0
30.238575 -32.666283 0.0
-31.418665 -59.328365 0.0
-31.428066 57.82799 0.09185791
10.804138 64.20823 0.0
10.941377 -64.31847 0.0
-30.297556 -17.96653 0.0
-31.257812 16.363138 0.0
29.23625 48.994446 0.0
30.42673 16.293753 0.0
29.780472 -49.002945 0.0
30.18478 -16.321531 0.0
-21.197767 65.2499 0.0
-20.529804 -65.24411 0.0
-30.224966 45.700214 0.0
-30.356716 -47.217396 0.0
20.54035 64.314 0.0
1.14083 65.34579 0.0
20.51092 -64.12972 0.0
1.4160975 -65.167755 0.0
-30.332731 7.8014007 0.0
-30.27322 24.908695 0.0
-30.373926 -26.567183 0.0
-30.443295 -9.362539 0.0
29.39133 24.472492 0.0
29.172615 40.778507 0.0
29.257832 -40.816902 0.0
29.20173 57.194386 0.0
29.228146 -57.187805 0.0
30.40588 -8.136465 0.0
29.42119 -24.465446 0.0
29.310005 8.19798 0.0
-29.026993 65.23975 0.0
-27.69791 -65.38448 0.0
-14.852433 64.1749 0.0
-14.327546 -64.26058 0.0
-31.381466 39.643314 0.0
-30.125072 -41.089897 0.0
-31.370283 51.711025 0.0
-30.363003 -53.33195 0.0
15.636297 65.35016 0.0
-3.7442932 64.36899 0.0
25.461645 64.19336 0.0
6.0632143 65.40466 0.0
15.776975 -65.31634 0.0
-3.3159215 -64.131584 0.0
25.167604 -65.41642 0.0
6.1299634 -64.297226 0.0
-31.350353 29.189005 0.0
-31.149372 -22.253843 0.0
-31.428251 -13.613513 0.07485962
-30.047613 -30.997076 0.0
-30.178448 20.582714 0.0
-31.171926 3.5357172 0.0
-31.221884 12.031427 0.0
-30.134249 -5.006482 0.0
30.385622 4.082306 0.0
30.34009 53.110462 0.0
30.237097 44.883774 0.0
29.23099 -12.209791 0.0
30.383638 -53.125275 0.0
30.353735 -61.19517 0.0
29.216705 20.315931 0.0
29.138498 -4.160391 0.0
30.3628 61.188023 0.0
29.222265 28.614271 0.0
29.22319 -28.602133 0.0
30.135855 -44.878654 0.0
30.278347 -36.813816 0.0
-31.397747 -63.458557 0.0
29.22475 -20.331953 0.0
30.351671 36.767082 0.0
29.32822 12.311751 0.0
-25.065548 64.12618 0.0
-31.168964 61.84875 0.0
-24.160147 -64.131195 0.0
-30.161444 54.797394 0.0
-18.12287 64.156265 0.0
-11.632646 64.09591 0.0
-17.326654 -65.40076 0.0
-31.366196 -50.292713 0.0
-31.191936 -44.13648 0.0
-30.275267 36.665146 0.0
-11.28251 -65.40524 0.0
-30.104668 42.529453 0.0
-30.186882 -56.458893 0.0
-30.148819 48.810055 0.0
-30.22523 -37.95596 0.0
3.6331565 64.23187 0.0
27.497738 -64.078186 0.0
8.57199 -65.40253 0.04119873
17.934158 64.17515 0.0
-6.3107424 64.11536 0.0
23.087355 65.149734 0.0
13.101 65.447716 0.0
-1.1413096 64.246544 0.0
-31.433815 64.47832 0.08224487
-5.5957685 -65.27619 0.0
17.96912 -64.09076 0.0
8.250576 64.171844 0.0
-1.0745957 -65.398964 0.0
13.277969 -65.25545 0.0
22.683289 -65.363976 0.0
-31.353796 -28.84224 0.0
27.755571 65.25614 0.0
3.6384406 -64.1141 0.0
-30.079449 14.2459955 0.0
-31.27095 -7.127299 0.0
-31.415836 22.818953 0.0
-30.233324 -61.42371 0.0
-30.175295 1.3754028 0.0
30.397945 -2.1875782 0.0
30.411398 22.310198 0.0
-30.26376 -15.64365 0.0
29.193827 63.257706 0.0
29.17528 -34.777744 0.0
-30.126234 -11.706461 0.0
29.278305 34.72242 0.0
-30.348145 31.28359 0.0
-30.08973 -65.34991 0.0
30.39069 -26.631102 0.0
-30.096222 -24.286615 0.0
30.453667 -22.429832 0.08010864
30.452522 26.483513 0.08905029
-31.409397 -3.0347912 0.0
29.132929 -51.235043 0.0
-31.277586 26.932394 0.0
-31.243467 -20.003242 0.0
29.090218 5.9096403 0.0
-31.245708 18.617489 0.0
-30.248466 59.810936 0.0
-31.346487 5.760399 0.0
30.323372 10.321678 0.0
-30.204355 10.020121 0.0
-31.292316 -32.884235 0.0
29.131605 54.981644 0.0
30.404686 50.869022 0.0
29.211206 2.199205 0.0
29.143421 -9.930461 0.0
30.368345 -30.467207 0.0
30.366554 -42.70441 0.0
30.393206 -55.339912 0.0
30.355219 -14.144053 0.0
30.420881 47.060085 0.0
30.418066 38.94872 0.0
30.154495 42.71119 0.0
30.37025 -5.97327 0.0
29.33253 18.155062 0.0
29.115265 59.426247 0.0
30.382431 -59.01137 0.0
29.47641 -63.222824 0.0
29.197329 -46.928185 0.0
29.308252 14.450365 0.0
-26.897116 65.35695 0.0
30.22053 30.496078 0.0
29.210052 -38.695843 0.0
29.230925 -18.228704 0.0
-23.282766 65.31136 0.0
-16.47681 65.43556 0.0
-22.523695 -65.25756 0.0
-31.379646 44.09134 0.0
-13.223522 65.29145 0.0
-9.640704 -64.07917 0.0
-26.109514 -64.10811 0.0
-31.44615 -39.663193 0.024902344
-18.75418 -64.080666 0.0
-31.3749 47.25752 0.0184021
-31.381401 -54.96698 0.0
-30.14899 56.58783 0.0
-31.380527 -42.365562 0.0
-19.888723 64.060455 0.0
-31.422014 53.561337 0.0
14.327212 64.16902 0.0
-30.113604 -48.95603 0.0
23.946804 -64.152794 0.0
-30.123032 -51.5216 0.0
-9.89061 64.19845 0.0
19.327005 -65.40618 0.0
-16.074923 -64.19281 0.0
9.473174 65.39024 0.0
-30.146982 38.44574 0.0
19.084509 65.44306 0.0
-31.250528 35.262794 0.0
-12.477642 -64.194786 0.0
-30.243134 63.269276 0.0
-30.066467 -36.12821 0.0
-6.9468575 -64.10269 0.0
-31.367712 -45.820454 0.0
-28.880167 -64.16603 0.0
29.077993 -7.093423 0.0
-30.154503 40.84526 0.0
29.08153 52.00206 0.0
-30.198574 -58.181625 0.0
4.8849 -65.41159 0.0
-5.1378193 65.30327 0.0
29.119715 37.881344 0.0
-31.311647 50.0577 0.0
-2.334206 65.379425 0.0
30.372854 6.928334 0.0
-30.061398 28.183765 0.0
-30.059397 -34.204037 0.0
29.10872 -31.509012 0.0
30.354868 56.06266 0.0
-0.036436666 -64.16232 0.0
-25.120268 -65.427826 0.0
-31.410381 -16.768387 0.0
14.529549 -64.250916 0.0
-31.354849 -25.302538 0.0
-31.399271 -10.742651 0.0
30.436832 58.203346 0.0
29.240252 -54.245556 0.0
-30.102404 4.702155 0.0
-31.400312 8.989177 0.0
30.389462 1.1493691 0.017547607
-30.073086 -21.054081 0.0
30.41696 -11.179761 0.06350708
30.41572 -39.695324 0.09384155
-27.969263 64.089264 0.0
28.465979 -65.36275 0.0
-19.103138 65.391106 0.0
29.125164 -43.712383 0.0
-31.40878 -36.96606 0.0
7.7378497 -64.11078 0.0
30.36701 -19.265713 0.0
29.194471 31.64081 0.0
9.329036 -64.07219 0.0
29.27952 -60.06913 0.0
-30.223951 -2.0606596 0.0
29.226202 46.019634 0.0
2.1157978 64.15656 0.0
29.157442 -15.075499 0.0
5.1439137 64.12857 0.0
-30.23453 17.476927 0.0
-30.173418 52.711613 0.0
-31.377653 41.71982 0.0
-22.26016 64.202515 0.0
26.802143 -65.396164 0.0
-31.369852 55.658115 0.0
30.393648 19.41836 0.0
-21.594654 -64.1098 0.0
25.954294 -64.17027 0.0
-31.424318 37.72202 0.0
29.121412 -21.818607 0.0
-30.05359 -7.949774 0.0
2.8564403 -65.42024 0.0
-31.409977 13.646183 0.0
