29.999999329447746 64.99999761581421 0.0
-30.99999949336052 -64.99999761581421 4.999999888241291
-30.99999949336052 64.99999761581421 4.999999888241291
29.999999329447746 -64.99999761581421 0.0
-30.99999949336052 -64.99999761581421 0.0
-30.99999949336052 64.99999761581421 0.0
29.999999329447746 -64.99999761581421 4.999999888241291
29.999999329447746 64.99999761581421 4.999999888241291
-30.99999949336052 -64.99999761581421 4.999999888241291
-30.99999949336052 -64.99999761581421 4.999999888241291
-30.99999949336052 -64.99999761581421 4.999999888241291
-30.99999949336052 -64.99999761581421 4.999999888241291
-30.99999949336052 -64.99999761581421 4.999999888241291
-30.99999949336052 -64.99999761581421 4.999999888241291
-30.99999949336052 -64.99999761581421 4.999999888241291
-30.99999949336052 -64.99999761581421 4.999999888241291
-30.99999949336052 -64.99999761581421 4.999999888241291
-30.99999949336052 -64.99999761581421 4.999999888241291
-30.99999949336052 -64.99999761581421 4.999999888241291
-30.99999949336052 -64.99999761581421 4.999999888241291
-30.99999949336052 -64.99999761581421 4.999999888241291
-30.99999949336052 -64.99999761581421 4.999999888241291
-30.99999949336052 -64.99999761581421 4.999999888241291
-30.99999949336052 -64.99999761581421 4.999999888241291
-30.99999949336052 -64.99999761581421 4.999999888241291
-30.99999949336052 -64.99999761581421 4.999999888241291
-30.99999949336052 -64.99999761581421 4.999999888241291
-30.99999949336052 -64.99999761581421 4.999999888241291
-30.99999949336052 -64.99999761581421 4.999999888241291
-30.99999949336052 -64.99999761581421 4.999999888241291
-30.99999949336052 -64.99999761581421 4.999999888241291
-30.99999949336052 -64.99999761581421 4.999999888241291
-30.99999949336052 -64.99999761581421 4.999999888241291
-30.99999949336052 -64.99999761581421 4.999999888241291
-30.99999949336052 -64.99999761581421 4.999999888241291
-30.99999949336052 -64.99999761581421 4.999999888241291
-30.99999949336052 -64.99999761581421 4.999999888241291
-30.99999949336052 -64.99999761581421 4.999999888241291
-30.99999949336052 -64.99999761581421 4.999999888241291
-30.99999949336052 -64.99999761581421 4.999999888241291
-30.99999949336052 -64.99999761581421 4.999999888241291
-30.99999949336052 -64.99999761581421 4.999999888241291
-30.99999949336052 -64.99999761581421 4.999999888241291
-30.99999949336052 -64.99999761581421 4.999999888241291
-30.99999949336052 -64.99999761581421 4.999999888241291
-30.99999949336052 -64.99999761581421 4.999999888241291
-30.99999949336052 -64.99999761581421 4.999999888241291
-30.99999949336052 -64.99999761581421 4.999999888241291
-30.99999949336052 -64.99999761581421 4.999999888241291
-30.99999949336052 -64.99999761581421 4.999999888241291
-30.99999949336052 -64.99999761581421 4.999999888241291
-30.99999949336052 -64.99999761581421 4.999999888241291
-30.99999949336052 -64.99999761581421 4.999999888241291
-30.99999949336052 -64.99999761581421 4.999999888241291
-30.99999949336052 -64.99999761581421 4.999999888241291
-30.99999949336052 -64.99999761581421 4.999999888241291
-30.99999949336052 -64.99999761581421 4.999999888241291
-30.99999949336052 -64.99999761581421 4.999999888241291
-30.99999949336052 -64.99999761581421 4.999999888241291
-30.99999949336052 -64.99999761581421 4.999999888241291
-30.99999949336052 -64.99999761581421 4.999999888241291
-30.99999949336052 -64.99999761581421 4.999999888241291
-30.99999949336052 -64.99999761581421 4.999999888241291
-30.99999949336052 -64.99999761581421 4.999999888241291
-30.99999949336052 -64.99999761581421 4.999999888241291
-30.99999949336052 -64.99999761581421 4.999999888241291
-30.99999949336052 -64.99999761581421 4.999999888241291
-30.99999949336052 -64.99999761581421 4.999999888241291
-30.99999949336052 -64.99999761581421 4.999999888241291
-30.99999949336052 -64.99999761581421 4.999999888241291
-30.99999949336052 -64.99999761581421 4.999999888241291
-30.99999949336052 -64.99999761581421 4.999999888241291
-30.99999949336052 -64.99999761581421 4.999999888241291
-30.99999949336052 -64.99999761581421 4.999999888241291
-30.99999949336052 -64.99999761581421 4.999999888241291
-30.99999949336052 -64.99999761581421 4.999999888241291
-30.99999949336052 -64.99999761581421 4.999999888241291
-30.99999949336052 -64.99999761581421 4.999999888241291
-30.99999949336052 -64.99999761581421 4.999999888241291
-30.99999949336052 -64.99999761581421 4.999999888241291
-30.99999949336052 -64.99999761581421 4.999999888241291
-30.99999949336052 -64.99999761581421 4.999999888241291
-30.99999949336052 -64.99999761581421 4.999999888241291
-30.99999949336052 -64.99999761581421 4.999999888241291
-30.99999949336052 -64.99999761581421 4.999999888241291
-30.99999949336052 -64.99999761581421 4.999999888241291
-30.99999949336052 -64.99999761581421 4.999999888241291
-30.99999949336052 -64.99999761581421 4.999999888241291
-30.99999949336052 -64.99999761581421 4.999999888241291
-30.99999949336052 -64.99999761581421 4.999999888241291
-30.99999949336052 -64.99999761581421 4.999999888241291
-30.99999949336052 -64.99999761581421 4.999999888241291
-30.99999949336052 -64.99999761581421 4.999999888241291
-30.99999949336052 -64.99999761581421 4.999999888241291
-30.99999949336052 -64.99999761581421 4.999999888241291
-30.99999949336052 -64.99999761581421 4.999999888241291
-30.99999949336052 -64.99999761581421 4.999999888241291
-30.99999949336052 -64.99999761581421 4.999999888241291
-30.99999949336052 -64.99999761581421 4.999999888241291
-30.99999949336052 -64.99999761581421 4.999999888241291
-30.99999949336052 -64.99999761581421 4.999999888241291
-30.99999949336052 -64.99999761581421 4.999999888241291
-30.99999949336052 -64.99999761581421 4.999999888241291
-30.99999949336052 -64.99999761581421 4.999999888241291
-30.99999949336052 -64.99999761581421 4.999999888241291
-30.99999949336052 -64.99999761581421 4.999999888241291
-30.99999949336052 -64.99999761581421 4.999999888241291
-30.99999949336052 -64.99999761581421 4.999999888241291
-30.99999949336052 -64.99999761581421 4.999999888241291
-30.99999949336052 -64.99999761581421 4.999999888241291
-30.99999949336052 -64.99999761581421 4.999999888241291
-30.99999949336052 -64.99999761581421 4.999999888241291
-30.99999949336052 -64.99999761581421 4.999999888241291
-30.99999949336052 -64.99999761581421 4.999999888241291
-30.99999949336052 -64.99999761581421 4.999999888241291
-30.99999949336052 -64.99999761581421 4.999999888241291
-30.99999949336052 -64.99999761581421 4.999999888241291
-30.99999949336052 -64.99999761581421 4.999999888241291
-30.99999949336052 -64.99999761581421 4.999999888241291
-30.99999949336052 -64.99999761581421 4.999999888241291
-30.99999949336052 -64.99999761581421 4.999999888241291
-30.99999949336052 -64.99999761581421 4.999999888241291
-30.99999949336052 -64.99999761581421 4.999999888241291
-30.99999949336052 -64.99999761581421 4.999999888241291
-30.99999949336052 -64.99999761581421 4.999999888241291
-30.99999949336052 -64.99999761581421 4.999999888241291
-30.99999949336052 -64.99999761581421 4.999999888241291
-30.99999949336052 -64.99999761581421 4.999999888241291
-30.99999949336052 -64.99999761581421 4.999999888241291
-30.99999949336052 -64.99999761581421 4.999999888241291
-30.99999949336052 -64.99999761581421 4.999999888241291
-30.99999949336052 -64.99999761581421 4.999999888241291
-30.99999949336052 -64.99999761581421 4.999999888241291
-30.99999949336052 -64.99999761581421 4.999999888241291
-30.99999949336052 -64.99999761581421 4.999999888241291
-30.99999949336052 -64.99999761581421 4.999999888241291
-30.99999949336052 -64.99999761581421 4.999999888241291
-30.99999949336052 -64.99999761581421 4.999999888241291
-30.99999949336052 -64.99999761581421 4.999999888241291
-30.99999949336052 -64.99999761581421 4.999999888241291
-30.99999949336052 -64.99999761581421 4.999999888241291
-30.99999949336052 -64.99999761581421 4.999999888241291
-30.99999949336052 -64.99999761581421 4.999999888241291
-30.99999949336052 -64.99999761581421 4.999999888241291
-30.99999949336052 -64.99999761581421 4.999999888241291
-30.99999949336052 -64.99999761581421 4.999999888241291
-30.99999949336052 -64.99999761581421 4.999999888241291
-30.99999949336052 -64.99999761581421 4.999999888241291
-30.99999949336052 -64.99999761581421 4.999999888241291
-30.99999949336052 -64.99999761581421 4.999999888241291
-30.99999949336052 -64.99999761581421 4.999999888241291
-30.99999949336052 -64.99999761581421 4.999999888241291
-30.99999949336052 -64.99999761581421 4.999999888241291
-30.99999949336052 -64.99999761581421 4.999999888241291
-30.99999949336052 -64.99999761581421 4.999999888241291
-30.99999949336052 -64.99999761581421 4.999999888241291
-30.99999949336052 -64.99999761581421 4.999999888241291
-30.99999949336052 -64.99999761581421 4.999999888241291
-30.99999949336052 -64.99999761581421 4.999999888241291
-30.99999949336052 -64.99999761581421 4.999999888241291
-30.99999949336052 -64.99999761581421 4.999999888241291
-30.99999949336052 -64.99999761581421 4.999999888241291
-30.99999949336052 -64.99999761581421 4.999999888241291
-30.99999949336052 -64.99999761581421 4.999999888241291
-30.99999949336052 -64.99999761581421 4.999999888241291
-30.99999949336052 -64.99999761581421 4.999999888241291
-30.99999949336052 -64.99999761581421 4.999999888241291
-30.99999949336052 -64.99999761581421 4.999999888241291
-30.99999949336052 -64.99999761581421 4.999999888241291
-30.99999949336052 -64.99999761581421 4.999999888241291
-30.99999949336052 -64.99999761581421 4.999999888241291
-30.99999949336052 -64.99999761581421 4.999999888241291
-30.99999949336052 -64.99999761581421 4.999999888241291
-30.99999949336052 -64.99999761581421 4.999999888241291
-30.99999949336052 -64.99999761581421 4.999999888241291
-30.99999949336052 -64.99999761581421 4.999999888241291
-30.99999949336052 -64.99999761581421 4.999999888241291
-30.99999949336052 -64.99999761581421 4.999999888241291
-30.99999949336052 -64.99999761581421 4.999999888241291
-30.99999949336052 -64.99999761581421 4.999999888241291
-30.99999949336052 -64.99999761581421 4.999999888241291
-30.99999949336052 -64.99999761581421 4.999999888241291
-30.99999949336052 -64.99999761581421 4.999999888241291
-30.99999949336052 -64.99999761581421 4.999999888241291
-30.99999949336052 -64.99999761581421 4.999999888241291
-30.99999949336052 -64.99999761581421 4.999999888241291
-30.99999949336052 -64.99999761581421 4.999999888241291
-30.99999949336052 -64.99999761581421 4.999999888241291
-30.99999949336052 -64.99999761581421 4.999999888241291
-30.99999949336052 -64.99999761581421 4.999999888241291
-30.99999949336052 -64.99999761581421 4.999999888241291
-30.99999949336052 -64.99999761581421 4.999999888241291
-30.99999949336052 -64.99999761581421 4.999999888241291
-30.99999949336052 -64.99999761581421 4.999999888241291
-30.99999949336052 -64.99999761581421 4.999999888241291
-30.99999949336052 -64.99999761581421 4.999999888241291
-30.99999949336052 -64.99999761581421 4.999999888241291
-30.99999949336052 -64.99999761581421 4.999999888241291
-30.99999949336052 -64.99999761581421 4.999999888241291
-30.99999949336052 -64.99999761581421 4.999999888241291
-30.99999949336052 -64.99999761581421 4.999999888241291
-30.99999949336052 -64.99999761581421 4.999999888241291
-30.99999949336052 -64.99999761581421 4.999999888241291
-30.99999949336052 -64.99999761581421 4.999999888241291
-30.99999949336052 -64.99999761581421 4.999999888241291
-30.99999949336052 -64.99999761581421 4.999999888241291
-30.99999949336052 -64.99999761581421 4.999999888241291
-30.99999949336052 -64.99999761581421 4.999999888241291
-30.99999949336052 -64.99999761581421 4.999999888241291
-30.99999949336052 -64.99999761581421 4.999999888241291
-30.99999949336052 -64.99999761581421 4.999999888241291
-30.99999949336052 -64.99999761581421 4.999999888241291
-30.99999949336052 -64.99999761581421 4.999999888241291
-30.99999949336052 -64.99999761581421 4.999999888241291
-30.99999949336052 -64.99999761581421 4.999999888241291
-30.99999949336052 -64.99999761581421 4.999999888241291
-30.99999949336052 -64.99999761581421 4.999999888241291
-30.99999949336052 -64.99999761581421 4.999999888241291
-30.99999949336052 -64.99999761581421 4.999999888241291
-30.99999949336052 -64.99999761581421 4.999999888241291
-30.99999949336052 -64.99999761581421 4.999999888241291
-30.99999949336052 -64.99999761581421 4.999999888241291
-30.99999949336052 -64.99999761581421 4.999999888241291
-30.99999949336052 -64.99999761581421 4.999999888241291
-30.99999949336052 -64.99999761581421 4.999999888241291
-30.99999949336052 -64.99999761581421 4.999999888241291
-30.99999949336052 -64.99999761581421 4.999999888241291
-30.99999949336052 -64.99999761581421 4.999999888241291
-30.99999949336052 -64.99999761581421 4.999999888241291
-30.99999949336052 -64.99999761581421 4.999999888241291
-30.99999949336052 -64.99999761581421 4.999999888241291
-30.99999949336052 -64.99999761581421 4.999999888241291
-30.99999949336052 -64.99999761581421 4.999999888241291
-30.99999949336052 -64.99999761581421 4.999999888241291
-30.99999949336052 -64.99999761581421 4.999999888241291
-30.99999949336052 -64.99999761581421 4.999999888241291
-30.99999949336052 -64.99999761581421 4.999999888241291
-30.99999949336052 -64.99999761581421 4.999999888241291
-30.99999949336052 -64.99999761581421 4.999999888241291
-30.99999949336052 -64.99999761581421 4.999999888241291
-30.99999949336052 -64.99999761581421 4.999999888241291
-30.99999949336052 -64.99999761581421 4.999999888241291
-30.99999949336052 -64.99999761581421 4.999999888241291
-30.99999949336052 -64.99999761581421 4.999999888241291
-30.99999949336052 -64.99999761581421 4.999999888241291
-30.99999949336052 -64.99999761581421 4.999999888241291
-30.99999949336052 -64.99999761581421 4.999999888241291
-30.99999949336052 -64.99999761581421 4.999999888241291
-30.99999949336052 -64.99999761581421 4.999999888241291
-30.99999949336052 -64.99999761581421 4.999999888241291
-30.99999949336052 -64.99999761581421 4.999999888241291
-30.99999949336052 -64.99999761581421 4.999999888241291
-30.99999949336052 -64.99999761581421 4.999999888241291
-30.99999949336052 -64.99999761581421 4.999999888241291
