-6.959106 -64.43346 0.0
30.22309 65.33562 0.0
-31.3266 12.813894 0.0
30.383572 -10.197176 0.0
-23.197454 65.376656 0.0
-31.379654 -29.764137 0.0
30.302124 -50.276814 0.0
29.849173 27.566977 0.0
-31.335573 39.72643 0.0
3.513755 64.02797 0.0
-31.389025 -55.70855 0.0
14.783067 -65.29682 0.0
-30.050365 -8.457902 0.0
28.879692 -30.224829 0.0
28.937265 46.478073 0.0
29.056705 8.683286 0.0
30.01824 -65.34541 0.0
-21.09429 -65.37477 0.0
-31.270815 53.861206 0.0
-30.017126 26.282204 0.0
-9.875505 63.990242 0.0
16.855843 65.01094 0.0
-30.122149 -42.71515 0.0
3.9229639 -64.34263 0.0
-31.424671 -19.058704 0.0
-30.093466 2.2141457 0.0
30.228086 -40.212757 0.02645874
29.085562 -20.171865 0.0
-30.77241 -65.33882 0.0
30.322002 55.843616 0.0
30.184437 -0.7122094 0.0
30.15816 37.024433 0.0
30.059013 18.114458 0.0
-31.38794 62.70351 0.0
22.407557 -64.25411 0.0
29.008776 -57.781124 0.0
-30.21652 46.783592 0.0
-14.079245 -64.03525 0.0
-3.1662757 65.26423 0.0
-31.177023 19.592577 0.0
23.575531 64.05683 0.0
-31.214855 32.95873 0.0
10.119127 65.29047 0.0
-16.47681 65.43556 0.0
-30.339645 -49.253975 0.0
-30.183052 -36.17817 0.0
9.441629 -63.875652 0.0
-1.5011092 -65.08954 0.0
-31.319717 -3.1202812 0.0
-30.264149 -24.414194 0.0
-29.94748 -13.893516 0.0
-30.064026 7.576983 0.0
30.418236 -25.229025 0.0
29.27208 -45.254566 0.0
30.236174 -35.1453 0.0
30.181776 -15.2279825 0.0
-25.959488 -63.970284 0.0
28.958092 60.60333 0.0
-30.156027 -60.501076 0.0
29.067854 -5.444758 0.0
28.862282 32.306152 0.0
30.368504 41.87186 0.0
30.385622 4.082306 0.0
30.308233 13.3341465 0.0
30.357178 51.069695 0.0
29.363142 22.813305 0.0
-29.90952 58.336857 0.0
-27.620432 65.055405 0.0
26.29885 -64.14507 0.0
30.40658 -61.475697 0.0
28.860762 -53.865543 0.0
18.621305 -64.95131 0.0
-10.58002 -65.24127 0.0
-30.03236 50.44153 0.0
-17.426857 -65.44681 0.013885498
-30.067806 43.16979 0.0
-30.00987 16.168924 0.0
-19.85916 64.04616 0.0
13.521341 63.789032 0.0
-30.220499 36.353737 0.0
0.0374343 63.922783 0.0
-31.42165 29.50204 0.0
-31.362959 23.102734 0.0
20.302198 65.16461 0.0
-6.4457645 64.21833 0.0
-31.261765 -39.474495 0.0871582
-13.381319 63.958565 0.0
27.00398 64.04872 0.0
-31.410973 -46.0059 0.0
6.9558783 64.05602 0.0
-29.98018 -32.768402 0.0
-31.341255 -52.393215 0.0
6.83404 -65.32861 0.0
-31.355581 -11.131624 0.0
-31.298086 4.8896327 0.0
11.922724 -65.30356 0.0
28.842373 -37.63279 0.0
-4.16377 -64.00934 0.0
-30.052128 -27.223463 0.0
-30.11037 -21.612888 0.0
-30.018969 -5.6576824 0.0
-30.05066 -0.5795715 0.0
1.1352514 -64.15475 0.0
28.806372 -22.94319 0.0
28.992023 -12.722494 0.0
-30.535908 65.321815 0.0
-29.979578 10.32643 0.0
-31.304386 -16.28103 0.0
30.32334 -27.940569 0.0
29.001959 -47.913902 0.0
-23.263254 -63.828053 0.0
30.421642 -32.38653 0.06286621
29.13453 39.472004 0.0
29.134407 1.7632122 0.0
29.123922 -42.6484 0.0
-25.342806 63.78051 0.0
29.182142 53.398823 0.0
28.8614 -17.582724 0.0
30.341743 30.169985 0.0
29.018948 15.741092 0.0
28.81573 -8.135426 0.0
30.347197 58.437874 0.0
-28.562859 -64.02427 0.0
28.81699 43.915314 0.0
30.428574 -3.2863793 0.012359619
-30.146599 -57.935513 0.0
30.179554 34.45894 0.0
-31.317598 -62.880753 0.0
30.298717 62.72988 0.0
30.30439 25.099506 0.0
-31.409664 56.37395 0.0
30.381992 6.55093 0.0
28.89325 49.086437 0.0
29.077984 11.200636 0.0
30.29309 20.55894 0.0
-30.103064 60.706505 0.0
30.364885 -55.679382 0.0
-19.226435 -63.9276 0.0
-11.637702 65.35496 0.0
1.7550265 65.393135 0.0
24.50829 -65.45161 0.10018921
29.16815 -63.309025 0.0
16.609814 -64.07735 0.0
-31.282192 48.66938 0.0
-29.889103 21.560936 0.0
-31.410479 -34.329464 0.08581543
25.347954 65.350525 0.0
28.967628 -59.94812 0.0
18.609509 63.862404 0.0
30.409868 -52.369514 0.0
-31.32253 45.01544 0.0
5.27121 65.276276 0.0
12.194043 65.43335 0.0
-30.032288 -54.148067 0.0
-8.23907 65.241455 0.0
-30.031124 31.279375 0.0
-12.57689 -65.37199 0.0
20.616882 -65.13979 0.0
-24.548306 -65.37935 0.0
13.342735 -63.92803 0.0
28.021996 -65.100296 0.0
14.905587 65.23681 0.0
-29.932442 -17.794945 0.0
-31.377653 41.71982 0.0
-21.808899 63.936295 0.0
28.84015 -26.376537 0.0
-17.91342 64.01454 0.0
-31.400312 8.989177 0.0
-8.885805 -64.17437 0.0
-31.408075 -7.0123415 0.0
-29.90965 28.30146 0.0
-31.294851 51.936058 0.0
-16.000603 -64.13956 0.0
-29.940292 18.091852 0.0
-29.113634 63.845375 0.0
30.406067 -7.0687957 0.0
30.290886 45.125134 0.0
-1.1733657 65.389336 0.0
-30.074896 38.24852 0.0
-30.079449 14.2459955 0.0
30.424067 -21.518578 0.0
-31.392553 0.8341909 0.0
-29.93386 34.34582 0.0
-30.015377 -44.59498 0.0
-27.156115 -65.41883 0.0
28.906694 5.2410526 0.0
28.799843 -1.9698026 0.0
30.35355 -18.79828 0.0
-31.398998 -25.931078 0.0
30.359003 47.94325 0.0
-30.073538 -38.052383 0.0
-30.142553 -47.41242 0.0
-29.819048 24.125563 0.0
-14.576323 65.37321 0.0
21.65731 63.905434 0.0
28.319754 65.34362 0.0
-4.53112 64.024994 0.0
30.420624 9.941908 0.0
28.967003 -33.813396 0.0
-31.327164 -41.32832 0.0
29.0257 57.1657 0.0
-31.404984 -22.988651 0.0
28.81154 29.2035 0.0
-29.945526 55.325478 0.0
-31.400322 -31.560822 0.0138549805
2.4606056 -65.37372 0.085998535
8.279944 65.252846 0.0
-30.142069 -51.0219 0.0
-5.256454 -65.40918 0.0
30.402 -46.826687 0.0
28.915228 -51.42373 0.0
5.7129884 -63.960663 0.0
-31.386227 59.49065 0.03729248
-31.417137 -12.925712 0.0
28.898958 35.648853 0.0
8.57199 -65.40253 0.04119873
-31.298315 25.125584 0.0
30.397823 -36.889835 0.059020996
-31.418665 -59.328365 0.0
-31.382116 27.411505 0.0
-2.190296 63.847996 0.0
30.316551 -43.868855 0.0
-24.913223 65.42688 0.0
28.95575 19.508936 0.0
-15.587535 63.98748 0.0
30.354662 -58.97286 0.0
28.797997 51.734657 0.0
30.410482 -23.449684 0.0
28.844715 3.4616065 0.0
30.243378 -38.556553 0.0
-31.369802 -9.443222 0.0
-31.44708 17.428362 0.0025024414
-30.004839 40.813145 0.0
11.600334 63.899616 0.0
-29.995216 -28.866974 0.0
28.878532 -24.672834 0.0
29.199627 63.968586 0.0
-30.006369 -30.646202 0.0
-31.422491 6.6766987 0.0
28.823889 -10.663651 0.0
30.394217 43.501785 0.0
-30.036194 -12.083378 0.0
28.86268 54.98291 0.0
-31.428556 -28.128897 0.0
-29.992586 -2.18923 0.0
22.509443 65.27133 0.0
-31.365705 -14.653716 0.0
30.385263 32.82251 0.0
28.842512 41.365993 0.0
30.363676 -11.891266 0.0
23.974207 -63.918495 0.0
-3.0963764 -65.23683 0.0
-29.948626 -4.0586405 0.0
28.81092 -49.50237 0.0
