108.027084 -61.633327 -4.899994
-108.97101 77.31556 -4.899994
-55.327415 -77.41292 -4.812866
44.1209 77.34431 -4.899994
-109.05875 -9.346261 -4.864319
109.189354 23.105955 -4.899994
27.078083 -77.3365 -4.899994
-32.41605 76.06474 -4.899994
-109.228226 -64.87194 -4.818878
99.205154 77.35832 -4.899994
-108.181465 33.986126 -4.899994
108.1808 -19.258348 -4.899994
69.07296 -77.20104 -4.899994
-14.118418 -76.232895 -4.899994
-70.68434 76.86919 -4.899994
5.8281374 77.38906 -4.899994
-83.72928 -77.21837 -4.899994
109.267555 51.119473 -4.899994
-107.82961 -37.125084 -4.899994
71.67667 76.7686 -4.899994
91.69924 -77.28471 -4.899994
-108.82734 12.324976 -4.899994
-108.177956 55.664047 -4.899994
108.84499 -40.445747 -4.899994
109.016235 1.9169993 -4.899994
48.071487 -76.86262 -4.899994
-34.739674 -76.11169 -4.899994
6.5046506 -75.94358 -4.899994
24.960377 76.14666 -4.899994
-89.8331 76.05663 -4.899994
-51.541813 77.160194 -4.899994
-13.311066 77.099014 -4.899994
108.73017 -77.379074 -4.899994
-99.488976 -77.20951 -4.899994
109.16781 66.07837 -4.899994
-69.52572 -76.27874 -4.899994
108.1425 37.115585 -4.899994
-109.08088 -23.2513 -4.8915405
-107.9549 -51.02778 -4.899994
85.45869 76.2814 -4.899994
57.899033 76.657295 -4.899994
80.40749 -76.03634 -4.899994
-107.85719 1.4972662 -4.899994
-109.091385 44.840054 -4.899994
-107.93946 23.136024 -4.899994
-109.174034 66.4652 -4.8206177
107.97512 12.5179825 -4.899994
109.055214 -29.836258 -4.899994
108.9206 -51.066025 -4.899994
108.207344 -8.657705 -4.899994
58.560738 -75.96066 -4.899994
37.571022 -76.30171 -4.899994
-3.7784255 -77.25809 -4.899994
-24.437107 -77.26292 -4.899994
16.74339 -77.28329 -4.899994
-45.073017 -76.221634 -4.899994
109.20493 76.16356 -4.899994
-109.23338 -75.07164 -4.8420715
-3.7176728 75.99639 -4.899994
34.575333 76.04734 -4.899994
-80.306885 77.24499 -4.899994
15.362485 76.33136 -4.899994
-99.424385 76.0013 -4.899994
-41.951748 77.169 -4.899994
-22.888838 77.33373 -4.899994
-61.116505 76.46195 -4.899994
100.18229 -76.156395 -4.899994
-91.61275 -76.17959 -4.899994
109.229546 -69.4556 -4.899994
107.908844 58.5778 -4.899994
-76.68212 -76.03854 -4.899994
-62.39919 -76.35311 -4.899994
-109.143776 -44.074142 -4.899994
108.06828 44.167427 -4.899994
108.03119 30.054293 -4.899994
-108.19296 -16.305763 -4.899994
-108.9892 -30.231512 -4.899994
-107.811485 -58.04246 -4.899994
50.973507 76.149506 -4.899994
92.37824 76.18489 -4.899994
64.767044 75.992874 -4.899994
78.56236 76.10846 -4.899994
74.7758 -77.386795 -4.888275
85.94018 -77.389755 -4.899994
-107.855125 71.86699 -4.899994
-109.21852 28.570583 -4.899994
-107.77518 39.470818 -4.899994
-109.151024 -3.8355026 -4.899994
-109.20653 6.8091097 -4.899994
-107.960304 61.13082 -4.899994
-108.01107 50.19138 -4.899994
-109.055595 17.793102 -4.8974915
107.94972 -35.118248 -4.899994
107.85525 -45.787 -4.899994
107.888855 17.918839 -4.899994
109.00844 7.2748 -4.899994
109.08607 -56.40011 -4.899994
53.374382 -77.352905 -4.814911
108.72475 -13.956981 -4.899994
109.20702 -24.47784 -4.899994
63.71012 -77.278 -4.899994
109.02115 -3.4054456 -4.899994
32.225212 -76.11914 -4.899994
21.881117 -76.02945 -4.899994
42.852226 -76.11893 -4.899994
-39.891144 -77.17424 -4.899994
-8.877258 -76.01783 -4.899994
1.4439555 -77.27275 -4.899994
-29.51919 -76.10035 -4.899994
11.533257 -77.334785 -4.899994
-108.08754 -69.94903 -4.899994
-19.33753 -76.23915 -4.899994
107.92629 71.12797 -4.899994
-50.26028 -76.276405 -4.899994
104.137924 76.15164 -4.899994
-104.58341 -77.06896 -4.899994
-94.65597 77.41095 -4.899994
29.771906 77.13385 -4.899994
20.151981 77.418724 -4.89624
-18.134434 76.13047 -4.899994
-75.51815 76.05088 -4.899994
-46.75994 76.1762 -4.899994
-8.441228 77.15303 -4.899994
10.519119 76.09161 -4.899994
-104.30268 76.01502 -4.899994
-56.251534 76.05027 -4.899994
39.407764 76.30465 -4.899994
-84.970795 76.03393 -4.899994
1.0377274 76.889305 -4.899994
-27.685383 76.9993 -4.899994
-37.213257 76.2971 -4.899994
-65.849236 77.189575 -4.899994
95.83246 -75.920746 -4.899994
104.62199 -76.02142 -4.899994
107.90427 -73.372345 -4.899994
-95.472534 -77.350266 -4.899994
-87.52474 -75.91585 -4.899994
107.93706 -65.68321 -4.899994
107.8444 62.449444 -4.899994
107.948 54.723263 -4.899994
-73.19168 -77.37421 -4.899994
-109.16366 -54.599678 -4.899994
-58.72001 -76.02561 -4.899994
109.02297 33.566746 -4.899994
109.09326 40.672924 -4.899994
-65.88943 -77.37672 -4.899994
-107.969086 -26.748243 -4.899994
-80.09201 -77.20585 -4.899994
-109.1917 -40.44602 -4.855072
54.33367 77.412155 -4.899994
-107.83705 -47.41522 -4.899994
75.21791 77.36826 -4.899994
107.919685 47.73494 -4.899994
108.00135 26.471804 -4.899994
-107.9286 -19.874182 -4.899994
-109.27183 -33.86172 -4.8736877
61.474426 77.361984 -4.899994
47.41468 75.978096 -4.899994
88.94782 77.13356 -4.899994
-107.941025 -12.698694 -4.899994
95.91966 76.11564 -4.899994
82.01276 76.944496 -4.899994
-108.996605 -61.34499 -4.899994
68.13079 76.98059 -4.899994
88.783875 -76.056816 -4.899994
72.04819 -75.93582 -4.899994
109.23046 15.21917 -4.899994
107.821175 -27.111254 -4.899994
-107.92034 -6.538575 -4.899994
-109.22941 52.871094 -4.899994
77.4685 -76.122116 -4.899994
-109.10339 36.863064 -4.899994
-109.21833 58.393528 -4.899994
-107.85928 15.142655 -4.899994
83.31016 -76.153694 -4.899994
-108.04038 9.469309 -4.899994
66.4118 -76.04945 -4.899994
107.841896 -53.753242 -4.899994
14.104175 -76.0231 -4.899994
107.86984 4.624472 -4.899994
-109.226105 69.343 -4.899994
-107.97486 25.995625 -4.899994
-1.1654769 -76.105965 -4.899994
-11.470632 -77.294235 -4.899994
-107.42463 -77.28669 -4.899994
107.94777 -0.7680094 -4.899994
-109.13483 41.996613 -4.899994
-32.16789 -77.32407 -4.899994
-109.06905 74.475266 -4.899994
34.966 -77.408356 -4.8866577
109.149796 -43.28542 -4.899994
-109.21414 -0.9663914 -4.8821106
40.363094 -77.41666 -4.8717346
50.893345 -76.04742 -4.899994
-109.25606 20.660004 -4.8894653
-108.08076 31.129478 -4.899994
-107.842476 47.399513 -4.899994
-107.9896 4.2934017 -4.899994
-107.89944 63.98072 -4.899994
109.205605 -48.232235 -4.899994
109.0849 -37.66174 -4.899994
24.663162 -75.9087 -4.899994
-101.976524 -75.97038 -4.899994
107.836655 -22.065037 -4.899994
-16.80391 -77.34243 -4.827179
107.763985 9.767419 -4.899994
-101.902084 77.36345 -4.899994
56.168262 -77.31366 -4.899994
109.18693 -16.710135 -4.899994
109.245415 -11.2695465 -4.898529
108.04214 -32.38798 -4.899994
-87.41204 77.31421 -4.899994
107.922646 -58.9113 -4.899994
106.623276 77.264915 -4.899994
-47.53632 -77.37129 -4.813751
109.03964 20.381992 -4.899994
-37.467903 -75.946556 -4.899994
107.92135 -5.887767 -4.899994
-6.4868855 -77.35792 -4.899994
61.28598 -76.08361 -4.899994
-108.01587 -72.66167 -4.899994
8.80588 -77.35455 -4.899994
-107.87865 -67.261795 -4.899994
-42.384705 -76.10089 -4.899994
19.196615 -75.9241 -4.899994
29.548262 -76.12149 -4.899994
-26.843586 -76.065384 -4.899994
45.25102 -77.30431 -4.899994
4.1148386 -77.31188 -4.899994
107.77619 73.908585 -4.899994
-34.75574 77.34982 -4.899994
109.18376 68.78101 -4.899994
-52.921627 -76.20523 -4.899994
-21.776514 -77.313416 -4.899994
101.47241 75.97611 -4.899994
12.903987 77.31885 -4.899994
-58.52071 77.39827 -4.899994
3.5422316 76.0639 -4.899994
-10.900261 76.04064 -4.899994
22.352726 75.98942 -4.899994
36.942574 77.15208 -4.899994
-92.45268 76.05273 -4.899994
-25.238058 76.16915 -4.899994
17.921888 75.97687 -4.899994
-5.8624415 77.407776 -4.899994
-68.17311 76.136215 -4.899994
-77.68691 77.394066 -4.899994
-44.49904 77.35167 -4.899994
32.31469 77.21799 -4.899994
-97.19774 77.36397 -4.899994
-73.22987 77.15518 -4.899994
-1.4788861 77.23341 -4.899994
42.024754 75.913574 -4.899994
-15.841192 77.26791 -4.899994
