69.50892 -75.73484 -4.899994
-108.93214 77.37139 -4.899994
108.824 77.27758 -4.899994
-86.914894 -77.35465 -4.899994
-0.055403598 76.95964 -4.899994
109.21734 -4.344904 -4.899994
-109.05884 -1.5631346 -4.82843
-8.693224 -77.391716 -4.899994
54.388863 75.9851 -4.899994
-54.49084 76.656586 -4.899994
109.11073 -51.02897 -4.899994
-109.06215 -42.70371 -4.899994
108.01307 36.46899 -4.899994
-108.220024 37.907898 -4.899994
-47.794365 -75.9739 -4.899994
30.393843 -75.96135 -4.899994
98.05536 -77.37731 -4.899994
81.63369 75.725426 -4.899994
-27.268785 75.99544 -4.899994
-81.71868 76.31821 -4.899994
27.166752 76.47327 -4.899994
-109.225845 -67.496544 -4.8465576
107.52963 -27.669027 -4.899994
-107.50372 -22.16844 -4.899994
107.90603 16.053204 -4.899994
108.19096 56.87346 -4.899994
-108.02127 18.161749 -4.899994
-108.9038 57.636852 -4.899994
49.967205 -77.080956 -4.899994
-67.396416 -75.92179 -4.899994
-28.226385 -75.73424 -4.899994
10.827268 -75.99572 -4.899994
109.15077 -66.51277 -4.899994
83.79489 -76.26593 -4.899994
68.03941 77.15288 -4.899994
-95.35655 75.76931 -4.899994
40.782356 77.23937 -4.899994
-40.865612 77.042206 -4.899994
95.19723 77.24948 -4.899994
13.540429 76.15866 -4.899994
-13.713918 77.30386 -4.899994
-68.09342 76.23207 -4.899994
-100.26637 -77.34144 -4.899994
-107.62232 -55.100086 -4.899994
108.479294 -39.339314 -4.8875732
108.964264 -16.060244 -4.899994
109.03463 -77.20624 -4.899994
-109.169106 -11.933479 -4.899994
-108.943375 -32.386024 -4.899994
109.25953 46.66017 -4.899994
109.06427 26.276392 -4.899994
109.02001 5.8869786 -4.899994
107.998985 67.09433 -4.899994
-109.115746 28.02078 -4.899994
-107.84438 67.52757 -4.899994
-107.84462 47.797745 -4.899994
-107.8991 8.260705 -4.899994
-37.970695 -77.353714 -4.8685303
-57.63397 -77.38643 -4.848755
20.618591 -77.28544 -4.899994
40.147354 -77.29241 -4.899994
-18.499739 -77.113335 -4.899994
59.77619 -77.10801 -4.899994
-77.18971 -76.16092 -4.899994
1.0422693 -76.47761 -4.899994
-109.26074 -76.603325 -4.868561
107.725075 -58.779434 -4.899994
76.61429 -77.06369 -4.899994
90.97131 -76.262695 -4.899994
102.03995 75.91517 -4.899994
34.066906 75.65811 -4.899994
-6.968608 75.875916 -4.899994
61.297 75.719 -4.899994
-88.595726 77.10456 -4.899994
20.33156 77.29787 -4.899994
88.33208 77.2494 -4.899994
74.897675 77.27566 -4.899994
-74.88226 77.201645 -4.899994
-102.06701 77.175896 -4.899994
47.54878 76.112755 -4.899994
6.7814617 77.20605 -4.899994
-34.104073 75.95141 -4.899994
-47.67797 76.16726 -4.899994
-61.288357 77.31539 -4.899994
-20.44788 76.228134 -4.899994
-93.55561 -75.959 -4.899994
-109.048454 -61.219395 -4.899994
-108.682556 -48.946194 -4.839264
107.77555 -10.169639 -4.899994
107.69234 -45.23858 -4.899994
109.102 -33.44079 -4.899994
109.09315 -21.948006 -4.899994
103.5401 -75.82555 -4.899994
107.881775 -71.83396 -4.899994
107.558685 0.72572273 -4.899994
-107.92898 -6.7761765 -4.899994
-107.82893 -37.55909 -4.899994
107.57549 51.62157 -4.899994
-109.073746 -27.172789 -4.899994
107.6207 41.71782 -4.899994
-109.140144 -17.232609 -4.899994
107.585884 10.874398 -4.899994
109.2032 21.070684 -4.899994
109.087296 62.040062 -4.899994
109.18744 31.418251 -4.899994
109.1797 72.08193 -4.899994
44.994453 -75.69384 -4.899994
-109.151375 13.1786585 -4.899994
-72.28137 -77.418 -4.8874817
-13.5369835 -75.93753 -4.899994
54.897423 -75.80288 -4.899994
-107.54531 23.189438 -4.899994
-109.22599 62.656593 -4.899994
-109.089005 42.930737 -4.899994
-52.815742 -75.94251 -4.899994
-107.76716 32.910835 -4.899994
-109.264565 52.63349 -4.8776855
-107.64774 3.228614 -4.899994
-42.808575 -75.82548 -4.899994
-32.989113 -77.22402 -4.899994
-3.9294732 -75.9344 -4.899994
25.391777 -75.87317 -4.899994
-82.17981 -75.826355 -4.899994
-23.512827 -77.3186 -4.852417
15.7988 -75.97861 -4.899994
64.82393 -77.382645 -4.899994
-62.41884 -76.090355 -4.899994
-108.016594 72.50041 -4.899994
35.186035 -77.22126 -4.899994
6.0531 -77.30403 -4.899994
-107.87927 -72.05927 -4.899994
-104.62938 -75.93459 -4.899994
109.045235 -55.016212 -4.899994
107.58287 -62.762165 -4.899994
91.7385 75.6317 -4.899994
72.89607 -77.28953 -4.899994
87.383316 -77.150475 -4.899994
30.73677 77.39955 -4.899994
57.8637 77.21572 -4.899994
71.455795 75.78904 -4.899994
80.12997 -75.99014 -4.899994
-105.680435 75.717155 -4.899994
94.60763 -76.02909 -4.899994
3.3786547 75.81474 -4.899994
-58.015205 75.783775 -4.899994
-3.6357532 77.28902 -4.899994
-30.762846 77.27342 -4.899994
-23.966692 77.401344 -4.899994
51.008896 77.17726 -4.899994
105.602684 75.73533 -4.899994
98.39412 75.67668 -4.899994
78.06238 75.65004 -4.899994
23.488895 75.66523 -4.899994
-16.923243 75.81023 -4.899994
-64.571236 75.88938 -4.899994
-44.153336 75.749344 -4.899994
-10.507064 75.8246 -4.899994
-92.1944 77.325096 -4.899994
37.24407 77.177574 -4.899994
64.514565 77.150635 -4.899994
-97.10133 -75.79914 -4.899994
-78.22765 75.862785 -4.899994
-51.028286 77.22616 -4.899994
44.048832 75.885445 -4.899994
17.054045 76.05264 -4.899994
-85.20838 75.99193 -4.899994
-98.56832 77.26248 -4.899994
-37.590908 75.77422 -4.899994
-71.64669 75.91161 -4.899994
84.82496 77.08365 -4.899994
10.083899 76.184654 -4.899994
-89.98048 -75.771 -4.899994
-107.656334 -64.315796 -4.899994
-107.62971 -45.744488 -4.899994
-109.20493 -57.94513 -4.899994
-109.03931 -52.165535 -4.899994
107.48005 -36.22966 -4.899994
107.59219 -19.156757 -4.899994
108.96325 -42.404545 -4.899994
109.22541 -47.925716 -4.899994
109.05579 -30.350311 -4.899994
109.145386 -25.020857 -4.899994
109.16946 -7.4103193 -4.899994
107.65692 -13.290624 -4.899994
-107.678375 -14.58015 -4.899994
100.56246 -75.67723 -4.899994
109.233696 54.050415 -4.899994
109.24447 39.13621 -4.899994
107.64479 23.721804 -4.899994
106.02896 -77.34205 -4.899994
109.22135 13.463367 -4.899994
-109.22771 20.822952 -4.899994
107.782585 28.873343 -4.899994
-107.710976 -29.717281 -4.899994
-107.622536 60.27073 -4.899994
-107.60402 54.97969 -4.899994
-109.258415 5.747346 -4.862488
-45.27382 -77.31861 -4.857147
107.674545 -68.99409 -4.899994
62.37291 -75.95748 -4.899994
-50.30106 -77.29445 -4.899994
27.814116 -77.32221 -4.899994
-21.050137 -75.90758 -4.899994
13.353026 -77.365204 -4.891754
107.77177 -74.69553 -4.899994
37.55756 -75.734856 -4.899994
-35.492786 -75.97337 -4.899994
-107.60617 -4.000234 -4.899994
3.726499 -75.706276 -4.899994
109.16055 3.1056592 -4.899994
-107.7342 -9.5450735 -4.899994
-109.2288 35.33305 -4.8086853
109.170235 -1.5832697 -4.899994
-109.17783 70.00317 -4.899994
-79.75972 -77.12794 -4.899994
107.605225 44.47 -4.899994
107.7405 59.57527 -4.899994
47.211433 -77.29262 -4.899994
-109.14748 -39.94692 -4.899994
-107.53109 -34.718594 -4.899994
-1.5890224 -77.33014 -4.899994
-64.88261 -77.24869 -4.899994
107.66584 18.763062 -4.899994
108.19635 74.63188 -4.899994
107.632126 33.779255 -4.899994
109.161934 8.59352 -4.899994
-109.11034 -19.990778 -4.899994
107.62598 48.81647 -4.899994
-107.75625 40.57031 -4.899994
52.70581 -77.37761 -4.816345
107.74594 64.381485 -4.899994
-107.72955 15.480299 -4.899994
-74.52091 -75.81505 -4.899994
-109.105255 -24.3292 -4.899994
-109.1432 25.33809 -4.899994
-107.58152 10.91753 -4.899994
-107.69581 64.85844 -4.899994
-59.68306 -75.6744 -4.899994
57.122597 -77.39208 -4.899994
107.875015 69.77208 -4.899994
-109.27022 30.73146 -4.8503113
-107.71614 50.49255 -4.899994
-70.11253 -75.91633 -4.899994
-55.555458 -75.76484 -4.899994
-109.22537 1.1196815 -4.899994
-40.175694 -75.83077 -4.899994
-16.231834 -75.79785 -4.899994
-26.18236 -77.37136 -4.8314514
-109.20953 45.565 -4.899994
42.869877 -77.21467 -4.814148
-84.79155 -75.75417 -4.899994
33.078545 -75.67963 -4.899994
-10.926307 -75.92955 -4.899994
18.380333 -75.692184 -4.899994
