108.77999663352966 76.93000137805939 -4.900000058114529
-108.77999663352966 -76.93000137805939 0.0
-108.77999663352966 76.93000137805939 -4.900000058114529
108.77999663352966 -76.93000137805939 0.0
108.77999663352966 -76.93000137805939 -4.900000058114529
-108.77999663352966 -76.93000137805939 -4.900000058114529
-108.77999663352966 76.93000137805939 0.0
108.77999663352966 76.93000137805939 0.0
108.77999663352966 -76.93000137805939 -4.900000058114529
108.77999663352966 -76.93000137805939 -4.900000058114529
108.77999663352966 -76.93000137805939 -4.900000058114529
108.77999663352966 -76.93000137805939 -4.900000058114529
108.77999663352966 -76.93000137805939 -4.900000058114529
108.77999663352966 -76.93000137805939 -4.900000058114529
108.77999663352966 -76.93000137805939 -4.900000058114529
108.77999663352966 -76.93000137805939 -4.900000058114529
108.77999663352966 -76.93000137805939 -4.900000058114529
108.77999663352966 -76.93000137805939 -4.900000058114529
108.77999663352966 -76.93000137805939 -4.900000058114529
108.77999663352966 -76.93000137805939 -4.900000058114529
108.77999663352966 -76.93000137805939 -4.900000058114529
108.77999663352966 -76.93000137805939 -4.900000058114529
108.77999663352966 -76.93000137805939 -4.900000058114529
108.77999663352966 -76.93000137805939 -4.900000058114529
108.77999663352966 -76.93000137805939 -4.900000058114529
108.77999663352966 -76.93000137805939 -4.900000058114529
108.77999663352966 -76.93000137805939 -4.900000058114529
108.77999663352966 -76.93000137805939 -4.900000058114529
108.77999663352966 -76.93000137805939 -4.900000058114529
108.77999663352966 -76.93000137805939 -4.900000058114529
108.77999663352966 -76.93000137805939 -4.900000058114529
108.77999663352966 -76.93000137805939 -4.900000058114529
108.77999663352966 -76.93000137805939 -4.900000058114529
108.77999663352966 -76.93000137805939 -4.900000058114529
108.77999663352966 -76.93000137805939 -4.900000058114529
108.77999663352966 -76.93000137805939 -4.900000058114529
108.77999663352966 -76.93000137805939 -4.900000058114529
108.77999663352966 -76.93000137805939 -4.900000058114529
108.77999663352966 -76.93000137805939 -4.900000058114529
108.77999663352966 -76.93000137805939 -4.900000058114529
108.77999663352966 -76.93000137805939 -4.900000058114529
108.77999663352966 -76.93000137805939 -4.900000058114529
108.77999663352966 -76.93000137805939 -4.900000058114529
108.77999663352966 -76.93000137805939 -4.900000058114529
108.77999663352966 -76.93000137805939 -4.900000058114529
108.77999663352966 -76.93000137805939 -4.900000058114529
108.77999663352966 -76.93000137805939 -4.900000058114529
108.77999663352966 -76.93000137805939 -4.900000058114529
108.77999663352966 -76.93000137805939 -4.900000058114529
108.77999663352966 -76.93000137805939 -4.900000058114529
108.77999663352966 -76.93000137805939 -4.900000058114529
108.77999663352966 -76.93000137805939 -4.900000058114529
108.77999663352966 -76.93000137805939 -4.900000058114529
108.77999663352966 -76.93000137805939 -4.900000058114529
108.77999663352966 -76.93000137805939 -4.900000058114529
108.77999663352966 -76.93000137805939 -4.900000058114529
108.77999663352966 -76.93000137805939 -4.900000058114529
108.77999663352966 -76.93000137805939 -4.900000058114529
108.77999663352966 -76.93000137805939 -4.900000058114529
108.77999663352966 -76.93000137805939 -4.900000058114529
108.77999663352966 -76.93000137805939 -4.900000058114529
108.77999663352966 -76.93000137805939 -4.900000058114529
108.77999663352966 -76.93000137805939 -4.900000058114529
108.77999663352966 -76.93000137805939 -4.900000058114529
108.77999663352966 -76.93000137805939 -4.900000058114529
108.77999663352966 -76.93000137805939 -4.900000058114529
108.77999663352966 -76.93000137805939 -4.900000058114529
108.77999663352966 -76.93000137805939 -4.900000058114529
108.77999663352966 -76.93000137805939 -4.900000058114529
108.77999663352966 -76.93000137805939 -4.900000058114529
108.77999663352966 -76.93000137805939 -4.900000058114529
108.77999663352966 -76.93000137805939 -4.900000058114529
108.77999663352966 -76.93000137805939 -4.900000058114529
108.77999663352966 -76.93000137805939 -4.900000058114529
108.77999663352966 -76.93000137805939 -4.900000058114529
108.77999663352966 -76.93000137805939 -4.900000058114529
108.77999663352966 -76.93000137805939 -4.900000058114529
108.77999663352966 -76.93000137805939 -4.900000058114529
108.77999663352966 -76.93000137805939 -4.900000058114529
108.77999663352966 -76.93000137805939 -4.900000058114529
108.77999663352966 -76.93000137805939 -4.900000058114529
108.77999663352966 -76.93000137805939 -4.900000058114529
108.77999663352966 -76.93000137805939 -4.900000058114529
108.77999663352966 -76.93000137805939 -4.900000058114529
108.77999663352966 -76.93000137805939 -4.900000058114529
108.77999663352966 -76.93000137805939 -4.900000058114529
108.77999663352966 -76.93000137805939 -4.900000058114529
108.77999663352966 -76.93000137805939 -4.900000058114529
108.77999663352966 -76.93000137805939 -4.900000058114529
108.77999663352966 -76.93000137805939 -4.900000058114529
108.77999663352966 -76.93000137805939 -4.900000058114529
108.77999663352966 -76.93000137805939 -4.900000058114529
108.77999663352966 -76.93000137805939 -4.900000058114529
108.77999663352966 -76.93000137805939 -4.900000058114529
108.77999663352966 -76.93000137805939 -4.900000058114529
108.77999663352966 -76.93000137805939 -4.900000058114529
108.77999663352966 -76.93000137805939 -4.900000058114529
108.77999663352966 -76.93000137805939 -4.900000058114529
108.77999663352966 -76.93000137805939 -4.900000058114529
108.77999663352966 -76.93000137805939 -4.900000058114529
108.77999663352966 -76.93000137805939 -4.900000058114529
108.77999663352966 -76.93000137805939 -4.900000058114529
108.77999663352966 -76.93000137805939 -4.900000058114529
108.77999663352966 -76.93000137805939 -4.900000058114529
108.77999663352966 -76.93000137805939 -4.900000058114529
108.77999663352966 -76.93000137805939 -4.900000058114529
108.77999663352966 -76.93000137805939 -4.900000058114529
108.77999663352966 -76.93000137805939 -4.900000058114529
108.77999663352966 -76.93000137805939 -4.900000058114529
108.77999663352966 -76.93000137805939 -4.900000058114529
108.77999663352966 -76.93000137805939 -4.900000058114529
108.77999663352966 -76.93000137805939 -4.900000058114529
108.77999663352966 -76.93000137805939 -4.900000058114529
108.77999663352966 -76.93000137805939 -4.900000058114529
108.77999663352966 -76.93000137805939 -4.900000058114529
108.77999663352966 -76.93000137805939 -4.900000058114529
108.77999663352966 -76.93000137805939 -4.900000058114529
108.77999663352966 -76.93000137805939 -4.900000058114529
108.77999663352966 -76.93000137805939 -4.900000058114529
108.77999663352966 -76.93000137805939 -4.900000058114529
108.77999663352966 -76.93000137805939 -4.900000058114529
108.77999663352966 -76.93000137805939 -4.900000058114529
108.77999663352966 -76.93000137805939 -4.900000058114529
108.77999663352966 -76.93000137805939 -4.900000058114529
108.77999663352966 -76.93000137805939 -4.900000058114529
108.77999663352966 -76.93000137805939 -4.900000058114529
108.77999663352966 -76.93000137805939 -4.900000058114529
108.77999663352966 -76.93000137805939 -4.900000058114529
108.77999663352966 -76.93000137805939 -4.900000058114529
108.77999663352966 -76.93000137805939 -4.900000058114529
108.77999663352966 -76.93000137805939 -4.900000058114529
108.77999663352966 -76.93000137805939 -4.900000058114529
108.77999663352966 -76.93000137805939 -4.900000058114529
108.77999663352966 -76.93000137805939 -4.900000058114529
108.77999663352966 -76.93000137805939 -4.900000058114529
108.77999663352966 -76.93000137805939 -4.900000058114529
108.77999663352966 -76.93000137805939 -4.900000058114529
108.77999663352966 -76.93000137805939 -4.900000058114529
108.77999663352966 -76.93000137805939 -4.900000058114529
108.77999663352966 -76.93000137805939 -4.900000058114529
108.77999663352966 -76.93000137805939 -4.900000058114529
108.77999663352966 -76.93000137805939 -4.900000058114529
108.77999663352966 -76.93000137805939 -4.900000058114529
108.77999663352966 -76.93000137805939 -4.900000058114529
108.77999663352966 -76.93000137805939 -4.900000058114529
108.77999663352966 -76.93000137805939 -4.900000058114529
108.77999663352966 -76.93000137805939 -4.900000058114529
108.77999663352966 -76.93000137805939 -4.900000058114529
108.77999663352966 -76.93000137805939 -4.900000058114529
108.77999663352966 -76.93000137805939 -4.900000058114529
108.77999663352966 -76.93000137805939 -4.900000058114529
108.77999663352966 -76.93000137805939 -4.900000058114529
108.77999663352966 -76.93000137805939 -4.900000058114529
108.77999663352966 -76.93000137805939 -4.900000058114529
108.77999663352966 -76.93000137805939 -4.900000058114529
108.77999663352966 -76.93000137805939 -4.900000058114529
108.77999663352966 -76.93000137805939 -4.900000058114529
108.77999663352966 -76.93000137805939 -4.900000058114529
108.77999663352966 -76.93000137805939 -4.900000058114529
108.77999663352966 -76.93000137805939 -4.900000058114529
108.77999663352966 -76.93000137805939 -4.900000058114529
108.77999663352966 -76.93000137805939 -4.900000058114529
108.77999663352966 -76.93000137805939 -4.900000058114529
108.77999663352966 -76.93000137805939 -4.900000058114529
108.77999663352966 -76.93000137805939 -4.900000058114529
108.77999663352966 -76.93000137805939 -4.900000058114529
108.77999663352966 -76.93000137805939 -4.900000058114529
108.77999663352966 -76.93000137805939 -4.900000058114529
108.77999663352966 -76.93000137805939 -4.900000058114529
108.77999663352966 -76.93000137805939 -4.900000058114529
108.77999663352966 -76.93000137805939 -4.900000058114529
108.77999663352966 -76.93000137805939 -4.900000058114529
108.77999663352966 -76.93000137805939 -4.900000058114529
108.77999663352966 -76.93000137805939 -4.900000058114529
108.77999663352966 -76.93000137805939 -4.900000058114529
108.77999663352966 -76.93000137805939 -4.900000058114529
108.77999663352966 -76.93000137805939 -4.900000058114529
108.77999663352966 -76.93000137805939 -4.900000058114529
108.77999663352966 -76.93000137805939 -4.900000058114529
108.77999663352966 -76.93000137805939 -4.900000058114529
108.77999663352966 -76.93000137805939 -4.900000058114529
108.77999663352966 -76.93000137805939 -4.900000058114529
108.77999663352966 -76.93000137805939 -4.900000058114529
108.77999663352966 -76.93000137805939 -4.900000058114529
108.77999663352966 -76.93000137805939 -4.900000058114529
108.77999663352966 -76.93000137805939 -4.900000058114529
108.77999663352966 -76.93000137805939 -4.900000058114529
108.77999663352966 -76.93000137805939 -4.900000058114529
108.77999663352966 -76.93000137805939 -4.900000058114529
108.77999663352966 -76.93000137805939 -4.900000058114529
108.77999663352966 -76.93000137805939 -4.900000058114529
108.77999663352966 -76.93000137805939 -4.900000058114529
108.77999663352966 -76.93000137805939 -4.900000058114529
108.77999663352966 -76.93000137805939 -4.900000058114529
108.77999663352966 -76.93000137805939 -4.900000058114529
108.77999663352966 -76.93000137805939 -4.900000058114529
108.77999663352966 -76.93000137805939 -4.900000058114529
108.77999663352966 -76.93000137805939 -4.900000058114529
108.77999663352966 -76.93000137805939 -4.900000058114529
108.77999663352966 -76.93000137805939 -4.900000058114529
108.77999663352966 -76.93000137805939 -4.900000058114529
108.77999663352966 -76.93000137805939 -4.900000058114529
108.77999663352966 -76.93000137805939 -4.900000058114529
108.77999663352966 -76.93000137805939 -4.900000058114529
108.77999663352966 -76.93000137805939 -4.900000058114529
108.77999663352966 -76.93000137805939 -4.900000058114529
108.77999663352966 -76.93000137805939 -4.900000058114529
108.77999663352966 -76.93000137805939 -4.900000058114529
108.77999663352966 -76.93000137805939 -4.900000058114529
108.77999663352966 -76.93000137805939 -4.900000058114529
108.77999663352966 -76.93000137805939 -4.900000058114529
108.77999663352966 -76.93000137805939 -4.900000058114529
108.77999663352966 -76.93000137805939 -4.900000058114529
108.77999663352966 -76.93000137805939 -4.900000058114529
108.77999663352966 -76.93000137805939 -4.900000058114529
108.77999663352966 -76.93000137805939 -4.900000058114529
108.77999663352966 -76.93000137805939 -4.900000058114529
108.77999663352966 -76.93000137805939 -4.900000058114529
108.77999663352966 -76.93000137805939 -4.900000058114529
108.77999663352966 -76.93000137805939 -4.900000058114529
108.77999663352966 -76.93000137805939 -4.900000058114529
108.77999663352966 -76.93000137805939 -4.900000058114529
108.77999663352966 -76.93000137805939 -4.900000058114529
108.77999663352966 -76.93000137805939 -4.900000058114529
108.77999663352966 -76.93000137805939 -4.900000058114529
108.77999663352966 -76.93000137805939 -4.900000058114529
108.77999663352966 -76.93000137805939 -4.900000058114529
108.77999663352966 -76.93000137805939 -4.900000058114529
108.77999663352966 -76.93000137805939 -4.900000058114529
108.77999663352966 -76.93000137805939 -4.900000058114529
108.77999663352966 -76.93000137805939 -4.900000058114529
108.77999663352966 -76.93000137805939 -4.900000058114529
108.77999663352966 -76.93000137805939 -4.900000058114529
108.77999663352966 -76.93000137805939 -4.900000058114529
108.77999663352966 -76.93000137805939 -4.900000058114529
108.77999663352966 -76.93000137805939 -4.900000058114529
108.77999663352966 -76.93000137805939 -4.900000058114529
108.77999663352966 -76.93000137805939 -4.900000058114529
108.77999663352966 -76.93000137805939 -4.900000058114529
108.77999663352966 -76.93000137805939 -4.900000058114529
108.77999663352966 -76.93000137805939 -4.900000058114529
108.77999663352966 -76.93000137805939 -4.900000058114529
108.77999663352966 -76.93000137805939 -4.900000058114529
108.77999663352966 -76.93000137805939 -4.900000058114529
108.77999663352966 -76.93000137805939 -4.900000058114529
108.77999663352966 -76.93000137805939 -4.900000058114529
108.77999663352966 -76.93000137805939 -4.900000058114529
108.77999663352966 -76.93000137805939 -4.900000058114529
108.77999663352966 -76.93000137805939 -4.900000058114529
108.77999663352966 -76.93000137805939 -4.900000058114529
108.77999663352966 -76.93000137805939 -4.900000058114529
108.77999663352966 -76.93000137805939 -4.900000058114529
108.77999663352966 -76.93000137805939 -4.900000058114529
108.77999663352966 -76.93000137805939 -4.900000058114529
