-29.640208929777145 10.469249449670315 9.152508750887023e-07
61.99999898672104 71.30000740289688 -4.999993834644556
-61.900001019239426 -71.69999927282333 -5.000006407499313
44.40000280737877 0.199996997253038 1.748429005743457e-08
-61.900001019239426 71.30000740289688 -4.999993834644556
2.0999989937990904 -51.8394410610199 -1.1727369856089354
-0.013263789696793538 67.92297214269638 5.938014968620564e-06
-61.900001019239426 -24.1104606539011 -3.430039854720235
10.243370197713375 26.34993940591812 -4.999998025596142
3.055823966860771 -12.358199805021286 -1.0803880012844047e-06
-61.900001019239426 32.522089779376984 -1.416772953234613
61.99999898672104 33.52813050150871 -4.999997094273567
-33.96547958254814 -47.863028943538666 -5.0000036135315895
-30.019620433449745 48.44995215535164 -4.999996162950993
32.404739409685135 54.095309227705 4.729161950933758e-06
-26.97071060538292 -19.366439431905746 -1.6930680191151737e-06
-18.592849373817444 -71.69999927282333 -1.2810560874640942
-58.01950767636299 4.539959132671356 -4.999999888241291
26.799999177455902 -25.79999901354313 -5.00000175088644
35.97082197666168 26.6367606818676 2.328659931549737e-06
-14.113309793174267 29.2517002671957 -4.999998025596142
-36.732811480760574 71.30000740289688 6.233245031239676e-06
20.083151757717133 3.817406017333269 -4.999999888241291
-60.48927083611488 -47.772739082574844 -4.176425871804668e-06
-5.147853866219521 8.756516501307487 7.655190370492448e-07
-7.848574779927731 -31.407169997692108 -5.000002682209015
11.17021031677723 49.278609454631805 -4.999996162950993
-40.52238166332245 -70.64631581306458 -6.176096967180911e-06
-50.77778920531273 53.218670189380646 4.652523699633093e-06
-40.07596895098686 29.803059995174408 2.605466065119799e-06
61.99999898672104 11.309370398521423 -4.999998956918716
21.345309913158417 71.30000740289688 -4.999993834644556
53.403448313474655 52.37691104412079 -4.999995231628418
-9.03543084859848 48.56586083769798 4.245761964227768e-06
2.0999989937990904 -71.69999927282333 -5.000006407499313
42.640622705221176 71.30000740289688 6.233245031239676e-06
-40.57979956269264 -5.502121988683939 -4.999999888241291
-43.25651749968529 -31.429219990968704 -2.7476301234230505e-06
-18.815651535987854 66.3355365395546 -4.999993834644556
-16.673259437084198 -52.654169499874115 -4.603174286188505e-06
-15.093870460987091 -5.82406809553504 -4.999999888241291
24.947280064225197 38.6875681579113 -4.999997094273567
-52.37548053264618 19.064119085669518 1.6666380497909472e-06
-22.557750344276428 -36.335911601781845 -3.1765861052690525e-06
40.89134931564331 41.33545979857445 -4.999996162950993
25.55662952363491 -10.610969737172127 -9.276403534208555e-07
50.47617107629776 22.483840584754944 -4.999998025596142
-48.53262007236481 -56.94736912846565 -5.000004544854164
9.818749502301216 -25.79999901354313 -5.00000175088644
-55.43132126331329 -10.179320350289345 -8.899045389476612e-07
32.65739232301712 11.554040014743805 1.0100859038075782e-06
-0.28984699747525156 37.08618879318237 -4.999997094273567
-29.899779707193375 -62.04135715961456 -5.000004544854164
-26.55145153403282 34.51642021536827 3.0175211218619324e-06
-17.086170613765717 15.153939835727215 -4.999998956918716
9.581169113516808 12.019559741020203 1.0507830161543552e-06
23.562928661704063 21.01230062544346 -4.999998025596142
-44.52907294034958 8.561572059988976 -4.999998956918716
-11.02553028613329 -18.220391124486923 -1.5928769414585986e-06
-61.900001019239426 46.721890568733215 -4.999996162950993
-43.10799017548561 42.21531003713608 -4.999996162950993
-48.63294959068298 65.73840230703354 -4.999993834644556
-3.075371030718088 23.00933003425598 2.011539823598696e-06
-7.534092757850885 -61.41865998506546 -5.000004544854164
-48.83290082216263 -42.84891113638878 -5.0000036135315895
6.2254127115011215 -0.11103309952886775 -4.999999888241291
12.626560404896736 62.47404217720032 5.4616537958906974e-06
-42.39596053957939 -18.59314925968647 -5.000000819563866
2.0999989937990904 -38.709379732608795 -3.384081903590186e-06
-28.443528339266777 -6.158426869660616 -5.383868351138688e-07
57.5999990105629 0.199996997253038 1.748429005743457e-08
-29.614049941301346 22.30021171271801 -4.999998025596142
-36.107730120420456 58.46411734819412 5.111095990883996e-06
0.730943342205137 56.222327053546906 -4.999995231628418
-61.900001019239426 59.12218242883682 -2.040776889771223
-58.17706882953644 -35.487331449985504 -3.1024010027635995e-06
-7.5913118198513985 -44.596198946237564 -5.0000036135315895
53.05195972323418 64.37122076749802 5.627511345807079e-06
-18.659410998225212 42.690880596637726 -4.999996162950993
14.520990662276745 -14.463999308645725 -5.000000819563866
10.964460670948029 37.52743825316429 3.2807530025991127e-06
-61.900001019239426 -60.52812933921814 -5.291536986362644e-06
-19.837429746985435 54.20904979109764 4.739105108342301e-06
61.99999898672104 44.63750123977661 3.902334011485209e-06
50.93875154852867 11.475849896669388 1.0032510378010784e-06
50.733909010887146 36.387551575899124 3.181100938220993e-06
33.400002866983414 0.19999739015474916 -4.999999888241291
41.70077294111252 59.649769216775894 -4.999995231628418
21.1427491158247 55.79301714897156 -4.999995231628418
-31.662579625844955 -30.762100592255592 -5.000002682209015
-4.563741385936737 -3.3931350335478783 -2.966372980583998e-07
31.97573870420456 66.4372369647026 5.808128200612828e-06
-52.05939710140228 -67.75850802659988 -5.9236371363624585e-06
61.99999898672104 21.86327986419201 1.911349079009028e-06
-16.669660806655884 4.4795917347073555 3.916184043717408e-07
-0.3951790858991444 -23.982210084795952 -2.096591122935365e-06
-38.987789303064346 18.119199201464653 1.5840310174652927e-06
-49.98107999563217 32.488979399204254 -4.999997094273567
-61.900001019239426 15.440640039741993 -4.999998956918716
-10.358519852161407 60.34743785858154 5.275739844989857e-06
-17.69334077835083 -26.092510670423508 -5.00000175088644
61.99999898672104 60.19064038991928 -4.999995231628418
-49.510762095451355 -0.3776244993787259 -3.301298123759011e-08
-51.951248198747635 -20.720461383461952 -1.8114399980007079e-06
-7.900002412497997 -71.69999927282333 -6.26821305971248e-06
-29.899999499320984 -71.69999927282333 -6.26821305971248e-06
9.729689918458462 71.30000740289688 -4.999993834644556
16.672680154442787 -4.954508040100336 -4.331368042009842e-07
-53.458407521247864 41.07026010751724 3.5904759165816813e-06
2.20655114389956 45.97711190581322 4.019446997460818e-06
41.721902787685394 9.02173388749361 -4.999998956918716
18.654698505997658 30.049080029129982 2.6269739716866525e-06
-9.6296900883317 71.30000740289688 -4.999993834644556
-18.031561747193336 -61.97961047291756 -5.000004544854164
-37.98537701368332 -57.80915170907974 -5.053836904522768e-06
-9.517290629446507 37.01506182551384 3.2359590562691665e-06
43.060921132564545 50.76007917523384 4.437587186600922e-06
-35.70020943880081 -38.69139775633812 -3.382508939608897e-06
-23.824088275432587 -47.14607819914818 -5.0000036135315895
-27.11724117398262 59.217460453510284 -4.999995231628418
-32.51279145479202 2.188282087445259 -4.999999888241291
2.0999989937990904 -61.86901032924652 -1.8552939873188734
19.129520282149315 45.74260115623474 3.99894517499888e-06
-26.806430891156197 71.30000740289688 -1.6199549427255988
-42.991358786821365 -49.078281968832016 -4.290559019182183e-06
-42.29789972305298 52.26027965545654 -4.999995231628418
-61.900001019239426 -4.6687377616763115 -4.999999888241291
20.268600434064865 12.304050847887993 1.075654010307403e-06
-33.35621953010559 -13.779720291495323 -5.000000819563866
-34.52206030488014 40.240317583084106 3.5179199553425633e-06
31.99370950460434 43.25700178742409 3.7816469955487264e-06
42.89064183831215 31.344138085842133 -4.999997094273567
18.300719559192657 -21.92373014986515 -1.916633074472429e-06
0.6472188979387283 14.78396076709032 -4.999998956918716
-19.824400544166565 23.239020258188248 2.0316190951774615e-06
-52.88251116871834 -28.958771377801895 -5.00000175088644
-18.990829586982727 -15.992078930139542 -5.000000819563866
41.13234952092171 18.514681607484818 1.618605027786657e-06
-35.79865023493767 -23.148760199546814 -2.0237289621860555e-06
-7.264596875756979 -11.036609299480915 -5.000000819563866
-15.738200396299362 -42.78606176376343 -3.740475928992737e-06
-23.27865920960903 -0.1897451002150774 -4.999999888241291
14.737480320036411 18.07037927210331 -4.999998956918716
-27.14802883565426 -54.206930100917816 -4.738919923141793e-06
-54.15625125169754 71.30000740289688 6.233245031239676e-06
-57.8279010951519 24.533910676836967 -4.999998025596142
27.571629732847214 29.25547957420349 -4.999998025596142
-45.307811349630356 22.429591044783592 -4.999998025596142
55.40626868605614 28.570180758833885 2.497684947755374e-06
33.90223905444145 35.595402121543884 -4.999997094273567
50.38437992334366 71.30000740289688 -4.999993834644556
32.84825757145882 19.918859004974365 -4.999998025596142
-46.467140316963196 -9.997832588851452 -8.740382861915919e-07
5.896266084164381 20.373618230223656 1.7811180308413554e-06
-60.882531106472015 -15.095509588718414 -5.000000819563866
3.0516961123794317 30.5798202753067 2.673373078465602e-06
-39.78356346487999 2.983429003506899 2.6081961590485037e-07
52.57696285843849 45.12804001569748 3.94521793012359e-06
2.0999989937990904 -30.820319429039955 -5.000002682209015
-9.914574213325977 17.451440915465355 1.5256530483398478e-06
24.048730731010437 62.37811967730522 5.453268059341099e-06
-57.899780571460724 -54.62834984064102 -5.000004544854164
-7.166708819568157 -54.37160283327103 -4.753315963057503e-06
25.431880727410316 -3.148983931168914 -4.999999888241291
-51.3819195330143 10.18550992012024 8.904456061387123e-07
-52.26106941699982 -50.27907341718674 -4.39553593523101e-06
-8.912944234907627 2.0897609647363424 -4.999999888241291
-41.899632662534714 -63.47937881946564 -5.000006407499313
25.762951001524925 48.66305738687515 -4.999996162950993
-24.58943985402584 -27.511829510331154 -2.405160959284558e-06
-33.420298248529434 33.47842022776604 -4.999997094273567
25.00820904970169 -17.369059845805168 -5.000000819563866
-41.977182030677795 64.50251489877701 5.638988831435654e-06
26.710260659456253 5.180571228265762 4.5289991201791224e-07
-22.392719984054565 8.149977773427963 -4.999999888241291
-25.63391998410225 42.84682869911194 3.745789012299383e-06
61.99999898672104 53.525008261203766 4.679305387611521e-06
-16.12091064453125 -34.62797775864601 -5.000002682209015
12.189330533146858 4.112188704311848 3.5949901389109584e-07
7.559321820735931 54.87199127674103 4.797061858852203e-06
-28.055990114808083 -39.99006003141403 -5.000002682209015
50.999999046325684 0.19999739015474916 -4.999999888241291
-53.652599453926086 59.0951107442379 -4.999995231628418
-2.6059120427817106 -17.831960693001747 -5.000000819563866
-33.52101892232895 64.45864588022232 -4.999993834644556
7.174177095293999 -18.025880679488182 -5.000000819563866
-22.49910868704319 29.100289568305016 -4.999998025596142
-23.71007949113846 16.0555187612772 1.403617888584563e-06
5.164899863302708 64.12027776241302 -4.999993834644556
2.7344110421836376 6.831279024481773 5.972093930495248e-07
-5.984980147331953 -38.32453861832619 -3.35043792709655e-06
-17.316030338406563 35.01718118786812 3.0612989920797418e-06
-4.969195928424597 29.026759788393974 -4.999998025596142
56.73820152878761 17.45479926466942 -4.999998956918716
7.980856113135815 -8.476488292217255 -5.000000819563866
-49.74573105573654 47.08277806639671 -4.999996162950993
-40.861498564481735 -42.94081777334213 -5.0000036135315895
-61.900001019239426 -40.418751537799835 -5.000002682209015
-36.91340982913971 10.811619460582733 -4.999998956918716
48.561710864305496 56.45754933357239 4.935675868011913e-06
-4.699767101556063 64.07178938388824 -4.999993834644556
-10.99487952888012 54.35547977685928 -4.999995231628418
-11.240219697356224 -26.043839752674103 -2.276824950797618e-06
-45.772720128297806 -25.692271068692207 -5.00000175088644
55.37141114473343 7.155559957027435 -4.999999888241291
-11.755820363759995 9.430544450879097 -4.999998956918716
-23.900000378489494 -67.33579933643341 -5.000006407499313
-35.659998655319214 50.493430346250534 4.4142760557974725e-06
-3.599134972319007 44.602200388908386 -4.999996162950993
15.701940283179283 53.347960114479065 4.663827102291407e-06
-53.90375107526779 -59.50846150517464 -5.202395403358651e-06
-38.85979205369949 -11.496460065245628 -1.0050520415916253e-06
32.02193230390549 60.521338135004044 -4.999995231628418
-46.412497758865356 71.30000740289688 6.233245031239676e-06
-25.42378008365631 -11.231180280447006 -5.000000819563866
-32.14289993047714 27.753770351409912 2.4263120401712968e-06
-19.237039610743523 -10.132679715752602 -8.858269673339692e-07
-61.15233898162842 9.627138264477253 8.416312091696909e-07
-44.43784058094025 36.50767728686333 3.1916029819001324e-06
36.95230931043625 69.93298977613449 -4.999993834644556
26.02321095764637 13.276509940624237 -4.999998956918716
-52.439361810684204 27.20125950872898 2.37801001112814e-06
-51.49500072002411 -5.886495113372803 -4.999999888241291
-50.29258131980896 -37.21141070127487 -3.2531248805867108e-06
-15.43749962002039 71.30000740289688 6.233245031239676e-06
15.537490136921406 71.30000740289688 6.233245031239676e-06
-61.900001019239426 40.01875966787338 3.498551004454953e-06
0.32150562037713826 -45.485951006412506 -5.0000036135315895
16.531169414520264 36.05498746037483 -4.999997094273567
-58.05973708629608 -65.11519849300385 -5.000006407499313
-37.02997788786888 24.03830923140049 -4.999998025596142
56.54861032962799 40.977880358695984 -4.999996162950993
18.332339823246002 63.04243952035904 -4.999993834644556
56.19218200445175 71.30000740289688 6.233245031239676e-06
-47.9000024497509 -71.69999927282333 -5.000006407499313
46.95373773574829 15.74576087296009 -4.999998956918716
37.629298865795135 49.01266098022461 -4.999996162950993
-11.113559827208519 42.93830692768097 -4.999996162950993
29.08906899392605 71.30000740289688 -4.999993834644556
37.32696920633316 4.263586830347776 3.727345931903159e-07
45.253489166498184 24.824969470500946 2.1702681873847496e-06
-56.97498098015785 -1.3104929821565747 -1.1456690457434249e-07
2.4175450671464205 24.77054111659527 -4.999998025596142
7.2656250558793545 41.670236736536026 -4.999996162950993
-12.509100139141083 -68.60695779323578 -5.000006407499313
-49.54865947365761 -15.757190063595772 -5.000000819563866
0.065169035224244 -6.3870311714708805 -4.999999888241291
-34.85269844532013 -65.8564642071724 -5.75735503716146e-06
-61.900001019239426 -31.481239944696426 -5.000002682209015
-59.77833271026611 66.27197563648224 5.793679758170356e-06
47.201499342918396 46.06343060731888 -4.999996162950993
-60.052789747714996 51.83178931474686 4.531278907649039e-06
17.789190635085106 22.7434691041708 1.9882970825335633e-06
14.142959378659725 9.159973822534084 -4.999998956918716
