-61.384373 -35.85882 -5.0
62.27451 71.43758 -5.0
-46.75687 71.74562 -4.9376526
27.211365 -13.226596 -5.0
-4.981743 -72.1166 -4.9706726
-62.190166 19.029806 -4.915985
7.757377 70.93218 -5.0
62.377777 21.830744 -5.0
-44.857838 -72.09504 -4.9969482
1.0848135 -37.09718 -5.0
-62.327736 47.695038 -5.0
-61.080605 -8.409469 -5.0
-19.502722 70.9316 -4.9711914
35.015858 71.2497 -4.9427795
49.409855 -0.048285637 -0.3867798
60.91018 46.64298 -5.0
-62.29794 -58.142002 -5.0
-24.90962 -70.80974 -5.0
2.4626718 -55.411987 -5.0
14.936802 -26.043606 -5.0
-62.23273 64.70812 -5.0
34.011524 1.1159879 -5.0
62.411522 6.5100703 -5.0
-61.080395 33.374966 -5.0
-59.602097 -72.10987 -5.0
-62.119545 -22.13098 -5.0
-61.12852 5.3303976 -5.0
-33.18068 70.23611 -5.0
21.377106 70.14284 -5.0
48.645416 70.77567 -5.0
-5.8803444 70.484764 -5.0
60.942024 34.19626 -5.0
61.110455 59.061943 -5.0
2.7104053 -24.997122 -5.0
27.119139 -25.892529 -5.0
-61.194023 -47.05132 -5.0
-34.927284 -70.783325 -5.0
-14.928444 -70.981125 -5.0
2.3856993 -65.36858 -5.0
25.78412 -3.5531912 -5.0
-55.987125 71.62959 -5.0
2.4297626 -46.204777 -5.0
56.782326 -0.16403721 -5.0
-60.985485 56.19059 -5.0
42.379425 -0.22916178 -5.0
61.105835 14.166254 -5.0
-52.21258 -70.94797 -5.0
-62.193153 -65.36523 -5.0
-60.894596 40.6198 -5.0
-62.140327 26.243406 -5.0
-62.187134 -1.5567092 -5.0
-60.94347 -28.945675 -5.0
-61.00462 -15.324367 -5.0
-26.358452 71.579636 -5.0
14.606265 71.58386 -5.0
-62.313255 12.153056 -5.0
28.16796 71.495705 -5.0
55.484913 70.44934 -5.0
0.90519506 71.33932 -5.0
-40.047417 70.43272 -5.0
41.86574 71.63059 -5.0
-12.697046 71.31894 -5.0
1.9091793 -72.07161 -5.0
25.883211 -19.60007 -5.0
62.446 40.492603 -4.9639893
-62.25033 71.17417 -5.0
62.06601 52.81012 -5.0
60.838017 65.31256 -5.0
61.01193 27.960999 -5.0
0.97720146 -30.912966 -5.0
21.049204 -24.86973 -5.0
8.852563 -24.794783 -5.0
29.382431 -0.02758299 -1.6958923
62.423637 0.5365243 -4.909485
-62.26396 -41.469032 -5.0
-61.075333 -52.65537 -5.0
51.674202 0.832964 -5.0
1.3608654 -60.371067 -5.0
-9.863321 -70.660805 -5.0
-29.81924 -72.07888 -5.0
-19.964836 -71.77754 -5.0
-39.95819 -70.78723 -5.0
56.908844 0.009294464 -0.04574585
44.114395 0.25010908 -0.38241577
27.122223 -8.277332 -5.0
-51.35529 70.53795 -5.0
1.2392166 -50.788277 -5.0
46.94374 0.98208827 -5.0
2.5004117 -41.51754 -5.0
38.840942 0.48428497 -2.341278
26.530348 0.9100302 -5.0
-61.038155 51.845367 -5.0
-61.07508 60.525116 -5.0
61.037987 18.11237 -5.0
62.400932 10.455173 -5.0
-62.220592 -69.23736 -5.0
-56.023987 -70.577736 -5.0
-60.91817 -61.709255 -5.0
-60.77018 22.71967 -5.0
-48.400356 -70.80048 -5.0
-62.18311 37.08342 -5.0
-1.5229332 -70.692474 -5.0
-60.868557 15.554096 -5.0
-36.599377 71.72656 -5.0
-62.340786 44.04252 -4.9681396
-62.23527 29.869358 -5.0
59.745567 0.22950786 -2.2752686
-62.14181 -11.864806 -5.0
-23.031689 70.161545 -5.0
30.211617 1.1681856 -5.0
31.530806 70.19276 -5.0
52.10742 71.68709 -4.9599
38.617695 70.18472 -5.0
18.197823 71.71089 -5.0
24.603123 71.60218 -5.0
-60.947716 8.860511 -5.0
-62.262108 -32.22314 -5.0
-29.953419 71.66013 -5.0
11.233903 70.379814 -5.0
-62.26109 -18.621351 -5.0
-62.22786 1.9518651 -5.0
-16.072056 70.19668 -5.0
-60.974415 -25.42939 -5.0
-62.252926 -5.0424266 -5.0
58.797478 71.63796 -4.9630127
-9.339425 70.110306 -5.0
45.176422 70.5281 -5.0
-60.95764 67.93507 -5.0
4.26776 70.49332 -5.0
-2.5628812 71.453354 -5.0
1.3723443 -68.6688 -5.0
-43.50216 70.62874 -5.0
62.39483 62.2878 -5.0
62.405827 31.129663 -5.0
2.345669 -33.94893 -5.0
5.8155303 -26.162382 -5.0
61.009018 3.510968 -5.0
61.115475 37.483074 -5.0
25.896925 -16.314844 -5.0
25.91595 -22.850382 -5.0
62.31873 56.06088 -5.0
62.322315 49.5907 -5.0
60.905792 43.413376 -5.0
-59.09368 70.58414 -5.0
60.848408 24.75451 -5.0
36.968864 -0.10948283 -5.0
11.71102 -26.217436 -4.9870605
18.121134 -26.228867 -5.0
60.843132 68.62151 -5.0
1.2453159 -27.757444 -5.0
24.006996 -26.094933 -5.0
-62.14924 -49.89162 -5.0
-61.006527 -44.142094 -5.0
39.79407 1.1428521 -5.0
-61.174816 -38.786663 -5.0
59.478542 1.0863757 -5.0
-62.28385 -55.2766 -4.9909363
41.35001 0.54223484 -0.80059814
-37.44661 -72.04487 -5.0
-12.352326 -72.07374 -5.0
25.894733 -10.790563 -5.0
54.359684 1.1953796 -5.0
-32.220726 -70.81957 -5.0
-17.579481 -70.57069 -5.0
0.9912222 -63.10413 -5.0
-22.584858 -72.0873 -5.0
-42.601627 -70.73298 -5.0
2.483415 -58.0203 -5.0
-7.6910963 -72.087204 -5.0
-27.569368 -70.77999 -5.0
-62.301746 -71.82449 -5.0
1.2720171 -43.903343 -5.0
49.25053 -0.13502458 -5.0
27.103443 -5.7275405 -5.0
-48.870316 70.38841 -5.0
-53.85342 70.35731 -5.0
60.899075 8.491894 -5.0
1.1988851 -53.294735 -5.0
44.68978 0.32475328 -4.2878723
-62.246944 58.373505 -5.0
1.2390414 -48.35083 -5.0
-62.154472 54.086975 -5.0
2.4152985 -39.140564 -5.0
27.226961 -1.3619909 -5.0
-60.784615 49.50939 -5.0
62.31205 16.149061 -5.0
-60.950317 45.86489 -5.0
-60.89995 -67.25388 -5.0
-60.99811 62.811726 -5.0
31.97168 -0.23578967 -5.0
-54.366756 -72.06879 -4.951874
-60.8651 0.21676864 -5.0
-50.245308 -72.0064 -5.0
62.400524 66.84568 -5.0
-28.278593 70.28763 -5.0
26.405552 70.239136 -5.0
-62.301113 -27.260658 -5.0
62.375717 44.998913 -5.0
16.368671 70.33475 -5.0
-60.890114 -3.262137 -5.0
-62.305668 7.206098 -5.0
-62.224922 21.198399 -5.0
-7.7091613 71.526085 -5.0
2.5179949 -29.432598 -5.0
37.19782 71.72979 -4.910187
-0.82729113 70.15219 -5.0
-60.837997 -33.83282 -5.0
-60.8094 35.45216 -5.0
27.225939 -21.221058 -5.0
62.355587 35.733353 -5.0
60.979347 20.281454 -5.0
-61.152573 28.078796 -5.0
50.681282 70.16951 -5.0
-62.285854 24.142685 -5.0
-57.460102 -72.0801 -5.0
-21.499693 71.56214 -5.0
-46.33365 -70.641655 -5.0
-60.732178 -20.01809 -5.0
32.98226 71.66602 -5.0
61.13645 12.082938 -5.0
-41.656067 71.71788 -5.0
60.89835 54.503864 -5.0
13.280289 -24.83079 -5.0
62.36155 26.133024 -5.0
-62.30717 -63.326756 -5.0
9.690244 71.70409 -5.0
-60.871094 -59.588314 -5.0
-10.5947075 71.690155 -5.0
30.17322 71.708755 -5.0
-37.967323 70.24501 -5.0
41.506535 -0.24932386 -3.1886292
-60.722923 38.61787 -5.0
27.105978 -17.917585 -5.0
-3.5162036 -70.57783 -5.0
-24.32988 71.67788 -5.0
-14.72752 71.66621 -5.0
5.9224935 71.69669 -4.9951477
-62.320217 -13.836384 -5.0
-0.067403175 -72.11561 -5.0
28.425629 0.34157088 -5.0
-62.209637 16.993923 -5.0
16.735023 -24.835096 -5.0
-17.599186 71.430374 -5.0
-60.84686 42.773186 -5.0
-6.1892047 -70.575 -5.0
46.879673 71.60671 -5.0
-60.882275 -10.379039 -5.0
-62.24635 14.099467 -5.0
1.0007917 -66.71729 -5.0
60.927345 51.24956 -5.0
13.251655 70.212395 -5.0
-60.741306 -30.859774 -5.0
-60.91247 -17.246246 -5.0
60.447876 70.65181 -5.0
