26.049961 -24.054993 -5.0
-62.230015 71.49118 -5.0
61.934795 71.6638 -5.0
-62.301746 -71.82449 -5.0
-61.165016 -0.16980879 -5.0
-0.14677538 70.66299 -5.0
-4.981743 -72.1166 -4.9706726
62.426743 16.945333 -5.0
-61.1694 35.671955 -5.0
-61.20938 -36.00715 -5.0
-31.194334 70.58697 -5.0
30.899382 70.44753 -5.0
1.3509814 -42.20244 -5.0
-33.64359 -70.855835 -5.0
39.078075 1.046391 -5.0
62.268955 44.303577 -5.0
57.562534 -0.24994154 -0.0975647
7.546506 -24.970503 -5.0
-62.25698 -18.095076 -5.0
-61.14858 -53.934204 -5.0
-61.845715 17.75842 -4.9648438
-61.427525 53.583717 -5.0
25.931143 -8.088639 -5.0
2.5152385 -58.126526 -5.0
15.369888 71.46846 -5.0
46.389275 71.66094 -5.0
-15.679438 71.24175 -5.0
-46.716267 70.806145 -5.0
-19.334887 -71.95722 -5.0
-47.987236 -70.944595 -5.0
61.32714 30.617682 -5.0
61.18216 57.988 -5.0
62.415394 6.994958 -5.0
48.999264 0.78099006 -5.0
1.3735298 -32.496567 -5.0
29.28132 0.96945083 -5.0
16.859371 -26.193317 -5.0
-61.06838 -9.173471 -5.0
-62.181423 44.615875 -5.0
-61.99858 -44.981647 -5.0
-61.131287 -27.002598 -5.0
-61.229393 62.57187 -5.0
-61.926937 8.784288 -4.9363403
-61.32358 -62.901127 -5.0
-61.81858 26.725464 -5.0
2.451539 -67.13798 -5.0
27.018974 -16.074104 -5.0
1.4816574 -50.203133 -5.0
54.1783 70.48124 -5.0
-23.455961 71.667725 -5.0
-38.915054 71.608185 -4.975006
-7.878946 71.56737 -5.0
38.604454 71.65561 -5.0
23.117144 70.59836 -5.0
7.5897202 71.61095 -5.0
-54.488888 70.66855 -5.0
-12.129733 -70.86796 -5.0
-40.809723 -71.95172 -5.0
-26.445587 -70.85916 -5.0
-55.09688 -71.90252 -5.0
62.27837 64.78166 -5.0
61.28269 37.490685 -5.0
61.318295 51.106014 -5.0
62.33094 23.807869 -5.0
62.281235 0.08824077 -5.0
44.114395 0.25010908 -0.38241577
1.3749356 -25.9836 -5.0
54.75584 0.95558816 -5.0
0.4979755 -72.05017 -5.0
26.025997 -2.9575026 -5.0
61.335148 11.981581 -5.0
34.1623 -0.21214545 -5.0
2.470485 -37.31344 -5.0
21.681107 -26.10011 -5.0
12.295823 -24.882408 -5.0
49.409855 -0.048285637 -0.3867798
43.95502 1.068156 -5.0
1.3519244 -62.619926 -5.0
-62.239075 -4.694869 -5.0
-62.24826 -31.502989 -5.0
-62.33231 -58.38923 -4.94104
-62.268227 58.090317 -5.0
-61.115532 49.032974 -5.0
-62.237583 -49.51812 -5.0
-61.131016 -67.4422 -5.0
-61.29704 13.265524 -5.0
-61.08114 -13.698799 -5.0
-62.236633 4.225807 -5.0
-62.27999 -40.400043 -4.9404907
-62.244793 40.097195 -5.0
-61.135475 -22.484676 -5.0
-61.291843 22.233387 -5.0
-61.19902 67.10257 -5.0
-62.189682 31.21771 -5.0
2.4297626 -46.204777 -5.0
1.2275857 -54.259277 -5.0
25.94621 -12.163656 -5.0
27.021755 71.63689 -5.0
27.109161 -20.100328 -5.0
11.46717 70.56776 -5.0
-11.694986 70.415276 -5.0
42.59055 70.466324 -5.0
-50.662453 71.74509 -4.965576
-19.626354 70.61945 -5.0
50.358063 71.49329 -5.0
58.128445 70.624794 -5.0
-42.773167 70.81121 -5.0
-4.084132 70.582245 -5.0
-58.454945 70.4365 -5.0
34.814632 70.54356 -5.0
-27.280756 70.62187 -5.0
-35.0051 71.53601 -5.0
3.6804051 71.43972 -5.0
19.220552 70.85001 -5.0
53.23609 0.45090207 -0.5963745
58.445007 -0.22095828 -5.0
-30.023922 -71.87932 -5.0
-58.678337 -70.91161 -5.0
-15.804085 -70.946014 -5.0
-22.994041 -72.13219 -4.9643555
-44.479366 -71.98982 -5.0
-8.636643 -72.09118 -5.0
61.13805 20.367474 -5.0
-37.31765 -70.927284 -5.0
-51.47011 -72.07104 -5.0
61.23409 3.5580332 -5.0
38.178402 -0.177292 -1.7492371
62.2888 34.071056 -5.0
62.283276 54.602913 -4.9833984
61.158554 68.1135 -5.0
61.11561 27.104082 -5.0
61.139393 41.014923 -5.0
61.27127 47.62787 -5.0
61.351215 61.446815 -5.0
29.382431 -0.02758299 -1.6958923
2.406561 -29.239159 -5.0
41.506535 -0.24932386 -3.1886292
4.543015 -26.15848 -5.0
60.37625 -0.17630842 -1.5487366
51.892815 -0.17461532 -5.0
46.360806 0.48942146 -3.2496033
26.193308 0.047140792 -5.0
-2.3003345 -70.833046 -5.0
27.08662 -5.5501385 -5.0
2.2972708 -69.94325 -5.0
24.357346 -26.100965 -5.0
61.191505 9.347574 -5.0
19.274778 -25.027967 -5.0
9.980705 -26.126333 -5.0
36.462864 1.1143225 -5.0
2.5398102 -39.89852 -5.0
61.418415 14.574043 -5.0
31.875202 0.93299776 -5.0
1.3136071 -35.033478 -5.0
-61.073063 42.34476 -5.0
-62.227497 -11.453573 -5.0
41.35001 0.54223484 -0.80059814
-62.31201 -24.694237 -5.0
-62.26812 64.865776 -5.0
-62.28464 -65.17141 -5.0
-61.065895 -47.26129 -5.0
14.363522 -26.210726 -5.0
-61.096256 -42.550518 -5.0
-61.129627 6.465948 -5.0
-61.121937 29.043907 -5.0
-61.041664 -33.593365 -5.0
-62.213615 51.178944 -5.0
-60.957783 56.073666 -5.0
-61.133457 -60.507427 -5.0
-62.30643 -7.0796437 -5.0
-60.991493 60.199303 -5.0
27.18073 -10.133237 -5.0
-61.213963 -2.5536525 -5.0
-61.116226 -29.37601 -5.0
1.212863 -65.11949 -5.0
1.2985926 -60.256954 -5.0
-61.20678 -56.317005 -5.0
-62.305305 33.615295 -4.9147034
-61.096004 -20.135912 -5.0
-61.12373 -38.358334 -5.0
-62.305878 11.146987 -5.0
-62.213722 20.076395 -5.0
-62.28716 -51.88427 -5.0
-61.160122 38.022663 -5.0
-62.26873 46.951664 -5.0
-61.158813 -69.778366 -5.0
-60.98897 -16.134214 -5.0
-62.27436 1.8842982 -5.0
-62.248955 15.396676 -5.0
2.4732792 -52.300816 -5.0
-61.04028 69.50729 -5.0
-62.290672 24.305727 -4.984558
32.814156 71.71639 -5.0
56.084167 71.65289 -5.0
48.322388 70.544556 -5.0
41.678204 1.0345975 -5.0
26.056698 -18.141476 -5.0
-6.8102527 -70.83682 -5.0
26.894766 -26.094408 -5.0
-48.918823 70.405045 -5.0
-56.68559 71.71965 -5.0
-21.259865 -70.808174 -5.0
-36.933445 70.51707 -5.0
-42.663998 -70.782906 -5.0
5.652556 70.56501 -5.0
-2.2015085 71.630585 -5.0
-13.544308 71.52474 -5.0
-29.281599 71.57057 -5.0
25.258312 70.401024 -5.0
40.751774 71.69754 -5.0
-35.483864 -72.04358 -5.0
1.3492018 -44.35 -5.0
60.2556 0.91864324 -5.0
2.488166 -55.988525 -5.0
-53.264732 -70.80043 -5.0
-52.350765 70.44098 -5.0
21.30551 71.725174 -5.0
-17.78954 71.69949 -5.0
-44.708397 71.699875 -5.0
-13.936293 -71.978455 -5.0
9.690244 71.70409 -5.0
27.103153 -13.915705 -5.0
1.4172804 -48.04152 -5.0
29.15958 71.6163 -5.0
-25.130966 70.40846 -5.0
27.023539 -22.1997 -5.0
62.42414 28.83951 -5.0
13.290502 71.608 -5.0
62.342358 39.313526 -5.0
-21.718374 70.518196 -5.0
52.435833 71.60604 -5.0
-40.687 70.54726 -5.0
-9.929161 71.53543 -4.9108887
44.696728 70.50643 -5.0
36.881393 70.54718 -5.0
-6.143516 70.479385 -5.0
60.18546 70.61629 -5.0
-33.29747 70.43187 -5.0
47.15602 -0.17179842 -5.0
56.77453 0.91975087 -5.0
-60.213543 71.590904 -5.0
17.176783 70.57271 -5.0
62.432106 69.716095 -4.9279175
62.296383 49.371662 -5.0
62.447166 59.79157 -4.957489
-60.332905 -72.03241 -5.0
-31.978436 -72.13576 -4.982544
-24.457886 -70.8201 -5.0
1.8160894 70.61083 -5.0
-56.72763 -70.85402 -5.0
-38.881607 -72.074455 -5.0
61.096653 22.330667 -5.0
-46.056503 -70.89256 -5.0
-28.36485 -70.84931 -5.0
