29.503630474209785 -0.5431424942798913 -4.999999888241291
-53.89999970793724 27.799999341368675 2.4303530299363274e-06
-21.291470155119896 -12.504500336945057 -3.1101698987185955
-3.7898430600762367 27.799999341368675 2.4303530299363274e-06
53.89999970793724 27.799999341368675 2.4303530299363274e-06
53.89999970793724 -26.799999177455902 -2.342930072174454e-06
9.01484303176403 -26.799259707331657 -2.235976979136467
25.214670225977898 27.799999341368675 -3.060291986912489
-28.806479647755623 15.660930424928665 -4.999998956918716
2.6592020876705647 -0.03919702066923492 -3.4267120391229255e-09
53.89999970793724 2.632813062518835 2.301678014848818e-07
-50.28750002384186 3.9500012062489986 -4.999999888241291
31.66472166776657 -23.821620270609856 -5.00000175088644
40.11828824877739 15.286499634385109 -4.999998956918716
14.34761006385088 13.23676947504282 -4.999998956918716
-11.489289812743664 11.435910128057003 9.997589422994224e-07
43.800950050354004 -12.08098977804184 -1.0561540531028868e-06
-33.62566977739334 -0.62941963551566 -5.502560906922582e-08
-4.026181064546108 -15.778739005327225 -5.000000819563866
16.200410202145576 -10.56682039052248 -9.237808296091998e-07
-37.89843991398811 27.799999341368675 2.4303530299363274e-06
-20.212499424815178 27.799999341368675 2.4303530299363274e-06
10.574770160019398 27.799999341368675 -3.834703005850315
-10.73587965220213 -2.8381801676005125 -4.999999888241291
-45.47134041786194 17.17017963528633 -4.999998956918716
0.8008320000953972 15.89323952794075 -4.999998956918716
27.653539553284645 13.152620755136013 1.1498390017905535e-06
38.74063119292259 27.799999341368675 2.4303530299363274e-06
53.89999970793724 15.429690480232239 -4.999998956918716
-22.14943990111351 4.484662786126137 -4.999999888241291
30.122021213173866 -12.197909876704216 -1.066374988312191e-06
40.40803015232086 3.6573789548128843 3.197382081321365e-07
14.850310049951077 0.7891469285823405 -4.999999888241291
20.21540142595768 -22.274509072303772 -1.947300098947835e-06
53.89999970793724 -15.709379687905312 -5.000000819563866
42.07447171211243 -25.94687044620514 -2.268347953915395e-06
5.5279359221458435 -9.665696881711483 -5.000000819563866
-37.766311317682266 8.496630005538464 -4.999998956918716
-12.73265015333891 21.1999099701643 -4.999998025596142
-53.89999970793724 12.812499888241291 1.1201040095443204e-06
47.579508274793625 -3.9152498356997967 -4.999999888241291
-0.615627272054553 -24.2374986410141 -2.11890882617638e-06
-29.05546873807907 27.799999341368675 -4.999998025596142
-4.095915704965591 6.744150072336197 -4.999999888241291
17.604129388928413 21.833298727869987 1.908728064492493e-06
46.81872949004173 22.63662964105606 -4.999998025596142
-12.356249615550041 -17.57500134408474 -1.5364549632579383e-06
22.387130185961723 4.796251654624939 4.1930162120173975e-07
6.018144078552723 9.200654923915863 8.043468113783092e-07
32.47657045722008 21.543938666582108 -4.999998025596142
12.010490521788597 -17.99234002828598 -5.000000819563866
-23.890439420938492 -3.735607024282217 -3.265770986971006e-07
-36.69784963130951 17.988810315728188 1.5726319135822564e-06
-3.5050909500569105 -7.4254111386835575 -6.491500670335881e-07
-19.824858754873276 16.16692915558815 1.413357986201902e-06
36.96778789162636 -7.5996690429747105 -4.999999888241291
-45.89921981096268 27.799999341368675 -4.999998025596142
8.552081882953644 19.247129559516907 1.6826379178880302e-06
47.22069948911667 7.7101970091462135 -4.999999888241291
-42.159371078014374 -0.6625013775192201 -4.999999888241291
-29.786139726638794 7.9074520617723465 6.912914130019487e-07
22.863300517201424 -14.949830248951912 -5.000000819563866
33.38807076215744 8.241349831223488 -4.999998956918716
39.79974985122681 -18.814940005540848 -5.000000819563866
-45.30136287212372 9.691242128610611 8.472352819310913e-07
-30.418749898672104 -7.324997801333666 -4.999999888241291
22.41929993033409 -5.960743874311447 -4.999999888241291
-5.686395335942507 19.193729385733604 1.6779689859802716e-06
53.89999970793724 -8.45781248062849 -7.394053702647341e-07
-15.246669761836529 2.9448799323290586 2.5744961718032755e-07
3.0646701343357563 -16.187839210033417 -1.4151860794342497e-06
2.6417989283800125 24.80134926736355 -4.999998025596142
-53.89999970793724 19.625000655651093 -4.999998025596142
-13.42438068240881 -9.096207097172737 -7.952157266011284e-07
24.335389956831932 19.29730921983719 -4.999998025596142
9.736587293446064 -4.4380431063473225 -3.8798608770207466e-07
48.49322885274887 -23.05528149008751 -5.00000175088644
46.676669269800186 14.962639659643173 1.3080759808659082e-06
-26.66546031832695 21.892650052905083 1.9139161366865665e-06
-11.790620163083076 27.799999341368675 2.4303530299363274e-06
24.21250008046627 -26.799999177455902 -5.00000175088644
-5.874479655176401 1.0097529739141464 8.827540781686238e-08
16.40000008046627 -26.799999177455902 -5.00000175088644
13.903800398111343 7.421129383146763 6.487756998296845e-07
21.99649065732956 11.802420020103455 -4.999998956918716
-20.345579832792282 21.95795066654682 -4.999998025596142
-48.498958349227905 22.41932973265648 1.9599599720976357e-06
7.847093045711517 3.7206399720162153 -4.999999888241291
41.94676876068115 -3.7483698688447475 -3.276929005924245e-07
-17.00885035097599 10.544920340180397 -4.999998956918716
-17.925528809428215 -4.975017160177231 -4.999999888241291
41.53430089354515 20.62358148396015 1.8029709947242623e-06
-40.33356159925461 22.906990721821785 -4.999998025596142
34.54773128032684 15.847399830818176 1.3854239977462157e-06
28.296340256929398 -19.54624056816101 -1.7087870007870265e-06
34.9590927362442 -1.3200589455664158 -1.154032008843231e-07
4.805517382919788 -21.584538742899895 -5.00000175088644
-2.8901819605380297 11.836339719593525 1.034766050622693e-06
51.531389355659485 20.51577903330326 1.793545978401312e-06
45.18724977970123 -19.121410325169563 -1.6716470430111485e-06
45.89921981096268 27.799999341368675 2.4303530299363274e-06
53.89999970793724 10.310939513146877 9.014110013971788e-07
-28.445599600672722 1.1531340423971415 -4.999999888241291
29.8015009611845 4.667923785746098 4.080829008046294e-07
37.04991191625595 -14.26175981760025 -1.2468029941814507e-06
19.363489001989365 -1.9876731093972921 -1.7376790284462373e-07
-8.50528571754694 -9.888367727398872 -5.000000819563866
-40.68329930305481 4.357974976301193 3.8098629806526674e-07
-22.442800924181938 9.647075086832047 8.433739817625963e-07
-7.066179998219013 14.438999816775322 -4.999998956918716
-2.468528924509883 -2.5275631342083216 -4.999999888241291
18.528129905462265 27.799999341368675 -4.999998025596142
27.200158685445786 -5.458065774291754 -4.771593120622697e-07
-11.011810041964054 6.249121390283108 -4.999999888241291
32.20245987176895 -16.507280990481377 -5.000000819563866
-33.164430409669876 22.248871624469757 -4.999998025596142
31.95228800177574 26.80058963596821 2.3429820306120064e-06
40.93126952648163 10.704469867050648 9.358145369731119e-07
49.33296889066696 -10.473459959030151 -5.000000819563866
35.15000268816948 -26.799999177455902 -2.342930072174454e-06
7.298365235328674 13.994569890201092 -4.999998956918716
14.974729157984257 -5.968468263745308 -4.999999888241291
-6.4859408885240555 -20.906250923871994 -1.8276820057394616e-06
9.278525598347187 -12.109530158340931 -1.0586489462838244e-06
-49.64775964617729 10.677269659936428 -4.999998956918716
19.366459921002388 15.299820341169834 1.3375530683035208e-06
-7.295939140021801 24.925319477915764 -4.999998025596142
-14.66767955571413 -13.980819843709469 -5.000000819563866
47.29684814810753 3.438313025981188 3.0058688871292816e-07
53.89999970793724 -19.975000992417336 -1.7462699064552112e-06
53.89999970793724 -2.458353992551565 -4.104066640138626
1.4233520487323403 20.047040656208992 1.7525679796293048e-06
13.039970770478249 19.620509818196297 -4.999998025596142
13.706469908356667 -22.192060947418213 -1.9400920869827587e-06
-53.89999970793724 6.000000052154064 5.24536580837065e-07
28.361851349473 21.338770166039467 1.8654939815121452e-06
-46.675000339746475 1.9000000320374966 1.6610331166067027e-07
-16.10684022307396 27.799999341368675 -4.999998025596142
23.358749225735664 -10.885910131037235 -9.516765153705364e-07
-0.09162633796222508 5.90676860883832 5.163861005463843e-07
39.268139749765396 -0.7291595684364438 -4.999999888241291
5.47421770170331 27.799999341368675 2.4303530299363274e-06
-26.80625021457672 -9.374999441206455 -8.195883971495732e-07
-35.01623868942261 14.390680007636547 -4.999998956918716
-16.52693934738636 22.45572954416275 1.9631420933308164e-06
53.89999970793724 6.4718760550022125 -4.999999888241291
53.89999970793724 23.960938677191734 -4.999998025596142
-26.223769411444664 9.376768954098225 -4.999998956918716
5.094638094305992 -2.935827011242509 -4.999999888241291
-34.9765382707119 2.875261940062046 -4.999999888241291
28.89999933540821 -26.799999177455902 -2.342930072174454e-06
26.367979124188423 6.175135262310505 -4.999999888241291
22.330159321427345 0.29858521884307265 -4.999999888241291
30.72867915034294 -7.871683686971664 -4.999999888241291
39.352599531412125 23.648880422115326 -4.999998025596142
3.127241972833872 -6.823679897934198 -5.965450355915891e-07
-35.83750128746033 -4.2500002309679985 -4.999999888241291
-44.18693110346794 6.159650627523661 -4.999999888241291
17.29509048163891 -16.681890934705734 -1.4583769747389397e-06
18.54986883699894 6.644692737609148 -4.999999888241291
-1.0650650365278125 -10.108579881489277 -5.000000819563866
50.07848143577576 -14.001870527863503 -1.2240819469155895e-06
-6.465493235737085 -13.154259882867336 -1.1499819985161253e-06
12.805960141122341 -11.755530722439289 -5.000000819563866
40.546879172325134 7.15787336230278 -4.999999888241291
1.9960030913352966 9.912027046084404 -4.999998956918716
42.99784079194069 -8.478108793497086 -5.000000819563866
-25.302279740571976 3.0111540108919144 2.632433993010608e-07
-37.921879440546036 11.962730437517166 1.0458149901637626e-06
-42.7764393389225 20.430829375982285 1.7861200296565016e-06
-31.95049986243248 25.987470522522926 2.2718971148805167e-06
35.46220064163208 -20.10440081357956 -1.7575820798754194e-06
-2.4960690643638372 21.238410845398903 -4.999998025596142
38.67537900805473 -25.78527107834816 -5.00000175088644
-22.878659889101982 14.476720243692398 -4.999998956918716
-3.119913162663579 -21.94211073219776 -5.00000175088644
45.564088970422745 -15.746280550956726 -5.000000819563866
8.693668991327286 -18.23382079601288 -1.5940510023071397e-06
-51.82697996497154 25.233129039406776 -4.999998025596142
15.159370377659798 27.799999341368675 2.4303530299363274e-06
10.256990790367126 1.546364976093173 1.3518750008323366e-07
6.558965425938368 -15.658929944038391 -5.000000819563866
31.500309705734253 14.92702029645443 -4.999998956918716
-31.88515082001686 13.836519792675972 1.2096270651795749e-06
-11.553429998457432 18.256939947605133 1.5960720523011673e-06
-7.213298697024584 6.875055842101574 6.01036387326559e-07
-9.646877646446228 -19.112499430775642 -5.00000175088644
-39.45000097155571 -2.2000009194016457 -1.92330207315905e-07
18.97512935101986 -19.429421052336693 -5.00000175088644
47.529879957437515 -7.560864090919495 -6.6099170581424e-07
25.423958897590637 -20.481819286942482 -5.00000175088644
11.332729831337929 13.363940641283989 1.1683130018980137e-06
-13.714480213820934 -2.82808905467391 -2.4723939562321107e-07
35.96526011824608 22.298989817500114 1.9494399428054976e-06
-23.730920627713203 -6.694098003208637 -4.999999888241291
-34.950777888298035 27.799999341368675 -4.999998025596142
-23.160159587860107 27.799999341368675 -4.999998025596142
-16.913829371333122 16.382930800318718 -4.999998956918716
-41.383977979421616 13.014809228479862 -4.999998956918716
0.8763449150137603 3.1692269258201122 -4.999999888241291
49.88044127821922 2.151052001863718 -4.999999888241291
10.742420330643654 8.743450045585632 -4.999998956918716
-25.94836987555027 15.630699694156647 1.3664789300094071e-06
35.37188097834587 27.799999341368675 -4.999998025596142
49.55625906586647 -1.8490731017664075 -1.6165109528731847e-07
-17.160020768642426 0.9096396970562637 -4.999999888241291
-48.02846908569336 14.712809585034847 1.2862350073916673e-06
34.25709158182144 -8.122197352349758 -7.10065006792604e-07
-32.07464888691902 9.424370713531971 -4.999998956918716
-35.46060249209404 6.871726829558611 6.007455088941072e-07
25.850210338830948 0.3340396797284484 2.9202678469841814e-08
-43.53834316134453 26.64952166378498 2.3297750395556704e-06
47.65000194311142 -26.799999177455902 -2.342930072174454e-06
8.25916975736618 22.59933017194271 -4.999998025596142
-26.52890980243683 27.799999341368675 2.4303530299363274e-06
18.75687949359417 -11.18376012891531 -5.000000819563866
-19.404150545597076 -7.031995803117752 -6.147565789760279e-07
35.43933108448982 6.160830147564411 5.385968893101278e-07
34.598879516124725 2.8122449293732643 -4.999999888241291
48.846881836652756 27.799999341368675 -4.999998025596142
4.851346835494041 15.11744037270546 1.3216090444245765e-06
53.89999970793724 -24.187300354242325 -5.00000175088644
45.41276767849922 17.322029918432236 -4.999998956918716
42.951568961143494 27.799999341368675 -4.999998025596142
48.28924313187599 9.65882558375597 8.444014376607356e-07
44.52500119805336 -26.799999177455902 -5.00000175088644
-30.098890885710716 -5.031757988035679 -4.398901798374766e-07
-8.377384394407272 -3.9026779122650623 -3.4118299852003986e-07
-25.46714060008526 20.130909979343414 -4.999998025596142
20.935209468007088 10.02271007746458 8.762131020745301e-07
27.587279677391052 -12.310810387134552 -5.000000819563866
40.40176048874855 -13.223149813711643 -5.000000819563866
-53.89999970793724 22.350000217556953 1.953899042561602e-06
-16.70403964817524 -13.93978949636221 -1.2186550657489192e-06
3.7890018429607153 -26.73700824379921 -3.8063600659370422
-23.46991002559662 -0.8993117371574044 -4.999999888241291
22.80277945101261 -17.561880871653557 -1.535307991851198e-06
18.99527944624424 18.977679312229156 -4.999998956918716
-20.092720165848732 0.6847634795121849 5.986392631607274e-08
22.912519052624702 22.356711328029633 1.954485906452419e-06
10.397009551525116 -2.365865046158433 -4.999999888241291
43.907131999731064 1.8989579984918237 -4.999999888241291
-2.3717719595879316 -17.535850405693054 -1.5330330338514386e-06
32.73988142609596 10.739819146692753 9.389049537844585e-07
-16.862280666828156 8.791736327111721 7.685980185634378e-07
11.524729430675507 23.62058125436306 2.064977078219954e-06
15.59200044721365 2.326617017388344 2.033992974048715e-07
-1.6843749908730388 27.799999341368675 -4.999998025596142
4.932281095534563 -23.410748690366745 -2.0466328631840724e-06
-53.89999970793724 14.175000600516796 -4.999998956918716
1.0163249680772424 -16.97394996881485 -5.000000819563866
-12.190170586109161 13.747209683060646 -4.999998956918716
51.27248167991638 10.97778044641018 -4.999998956918716
21.054688841104507 27.799999341368675 2.4303530299363274e-06
