53.892025 -5.882186 -5.0
-54.232967 27.588507 -5.0
-9.580041 -19.56715 -5.0
13.256696 28.20857 -5.0
25.342625 -27.18433 -5.0
47.882923 28.185364 -5.0
-38.962723 -2.7538805 -5.0
-20.480034 27.284218 -5.0
47.655117 -27.2297 -5.0
-54.25155 8.493123 -5.0
7.065072 -27.115696 -5.0
54.084167 11.699849 -5.0
30.565298 27.02165 -5.0
-23.594038 -9.940708 -5.0
-37.368874 26.701893 -5.0
-3.5888755 27.159971 -5.0
54.305794 -17.580317 -5.0
36.51107 -26.157873 -5.0
-52.929127 18.053602 -5.0
-47.281055 1.9257436 -5.0
54.199863 21.063206 -5.0
16.208324 -25.911655 -5.0
-1.5953491 -24.07236 -5.0
53.247562 2.923829 -5.0
39.266933 27.144556 -5.0
21.89796 26.757084 -5.0
-28.99914 28.23175 -5.0
-16.995209 -15.396189 -5.0
-31.575495 -7.0214267 -5.0
-45.770344 28.066145 -5.0
-12.024652 27.917236 -5.0
4.869631 27.070673 -5.0
54.254494 -24.801756 -5.0
54.311264 27.7084 -4.9419556
53.073223 -11.759951 -5.0
42.14972 -26.032463 -5.0
30.882277 -26.222315 -5.0
-51.59247 4.3725867 -5.0
-52.793034 13.159689 -5.0
-42.620102 0.5358742 -5.0
-54.128517 22.740814 -5.0
53.05411 16.392172 -5.0
-4.9115725 -20.754522 -5.0
20.855953 -25.826397 -5.0
11.540295 -25.869398 -5.0
2.9318552 -24.966562 -5.0
52.855896 -1.5240175 -5.0
52.763607 7.3514533 -5.0
26.203522 27.856577 -5.0
34.8485 28.14234 -5.0
-12.654328 -16.40182 -5.0
17.506243 27.163372 -5.0
43.635597 26.98935 -5.0
-34.698395 -3.9724746 -5.0
-49.945213 26.919382 -5.0
0.66575015 28.088581 -5.0
-24.791752 27.199848 -5.0
-19.933676 -12.255091 -5.0
-27.842428 -9.142288 -5.0
9.175579 26.885447 -5.0
-16.16278 26.865011 -5.0
-33.251225 27.851652 -5.0
-41.51934 27.714375 -5.0
-7.775115 27.946775 -5.0
52.823822 -21.14115 -5.0
51.32124 -27.146877 -5.0
52.764236 24.36517 -5.0
51.05405 27.204922 -5.0
54.257427 -8.90417 -5.0
52.876114 -14.792687 -5.0
39.383427 -27.14186 -5.0
33.695652 -27.176996 -5.0
45.163467 -25.730352 -5.0
27.956736 -25.965807 -5.0
-54.308174 15.600272 -5.0
-53.990955 5.7048993 -5.0
-48.92668 4.415014 -5.0
-53.05763 25.204622 -5.0
18.517622 -27.225344 -5.0
13.874442 -27.126991 -5.0
4.4449234 -27.099024 -5.0
-41.1986 -1.5784626 -5.0
54.22923 5.239611 -5.0
-31.020634 26.693752 -5.0
-52.955574 10.645805 -5.0
-44.77819 2.0992298 -5.0
-54.252415 20.236444 -5.0
54.290607 0.6492719 -5.0
54.30427 18.580881 -5.0
-7.3698177 -20.86734 -5.0
54.150265 14.147138 -5.0
-3.7587109 -22.909597 -5.0
36.8391 26.724953 -5.0
-29.142311 -7.078583 -5.0
19.78833 28.008541 -5.0
9.117464 -25.81631 -5.0
-43.826477 26.620998 -5.0
-22.35284 -12.280103 -5.0
23.28971 -25.912369 -5.0
0.54661447 -25.115744 -5.0
54.21806 9.32199 -5.0
-18.258226 28.120398 -5.0
7.076062 27.987183 -5.0
32.98648 26.701687 -5.0
54.090843 -3.5275958 -5.0
-51.962605 28.202394 -5.0
41.409657 28.101007 -5.0
-14.663619 -15.217181 -5.0
23.879143 28.003685 -5.0
46.045387 26.786903 -5.0
15.122289 26.854286 -5.0
53.622025 -27.019724 -5.0
-39.17885 28.119366 -5.0
-9.871011 27.023527 -5.0
-37.01497 -3.9564085 -5.0
2.5941532 26.823294 -5.0
-27.346512 26.658493 -5.0
-10.5878525 -17.362305 -5.0
-33.61679 -6.023815 -4.9465637
28.23303 26.836926 -5.0
-47.62426 26.758413 -5.0
-1.3105967 27.003033 -5.0
11.549063 26.750698 -5.0
-25.823603 -10.179824 -5.0
-22.65276 27.841135 -5.0
49.56883 -25.764528 -5.0
-18.98092 -14.268298 -5.0
-13.857028 26.651545 -5.0
-35.65014 28.075865 -5.0
-5.555898 28.111149 -5.0
54.21767 -22.68213 -5.0
54.28657 -19.57136 -5.0
54.29099 23.039694 -5.0
54.27157 -13.395043 -5.0
43.784904 -27.139965 -5.0
52.787624 -7.603311 -5.0
54.189545 25.704647 -5.0
49.141544 26.719421 -5.0
-1.9959401 -22.143572 -5.0
-44.502506 0.2151572 -5.0
52.793236 19.736238 -5.0
-54.232735 11.962497 -5.0
10.284462 -27.223866 -5.0
38.314373 -25.667313 -5.0
29.296328 -27.188242 -5.0
-39.491074 -0.9873563 -5.0
-7.7038856 -19.093985 -5.0
5.7489243 -25.853895 -5.0
10.409268 28.198198 -5.0
22.05106 -27.19585 -4.9596252
52.779972 12.90975 -5.0
-52.823063 21.534657 -5.0
34.796303 -25.714073 -5.0
52.42885 -25.722311 -5.0
31.903534 28.161636 -4.9121094
-53.065594 7.19299 -5.0
-15.043801 28.211695 -5.0
-12.188677 -18.088015 -5.0
44.96477 28.15478 -5.0
52.856354 -9.940882 -5.0
52.811554 -18.647888 -5.0
-6.666986 26.617825 -5.0
52.47075 28.193068 -5.0
-17.371006 -13.663203 -5.0
-14.295031 -16.90607 -5.0
-31.986706 -5.3565626 -5.0
-48.825638 2.6641796 -5.0
52.887207 10.3857355 -5.0
52.870853 -16.662737 -5.0
-43.145973 28.187393 -5.0
46.854942 -25.68359 -5.0
-54.32003 13.883565 -5.0
40.286 -25.719751 -5.0
-37.324924 -2.3013103 -5.0
17.9912 -25.62652 -5.0
-48.594177 28.128447 -5.0
16.108765 28.205046 -5.0
-26.216324 -8.554082 -5.0
37.98788 28.215555 -4.9098206
-26.462536 28.06604 -5.0
52.868214 -23.646963 -5.0
52.88543 22.168318 -5.0
29.421164 28.208357 -5.0
-39.97795 26.689209 -5.0
-0.07616815 -23.479431 -5.0
-23.819471 -11.551684 -5.0
32.553467 -26.024307 -5.0
2.8454444 -26.586887 -5.0
42.05631 26.61712 -5.0
-52.9001 16.392431 -5.0
3.5038886 28.156372 -5.0
54.202923 -15.7555 -5.0
-52.911713 14.766944 -5.0
52.80876 17.987675 -5.0
52.81171 4.497339 -5.0
37.787003 -27.2262 -5.0
26.26541 -25.879942 -5.0
-34.41704 26.760977 -5.0
-52.503155 26.70604 -5.0
52.832123 -4.6991944 -5.0
14.519952 -25.67596 -5.0
13.138995 26.626568 -5.0
54.26228 -10.711368 -5.0
-51.86308 5.9311347 -5.0
-41.11569 -0.0018903019 -5.0
46.066822 -27.050339 -5.0
-2.3897655 28.180424 -5.0
-50.207108 3.5028205 -5.0
-6.2706485 -19.710648 -5.0
12.31641 -27.22291 -5.0
54.30899 7.5401125 -4.94635
53.044643 26.74451 -5.0
35.357212 -27.186714 -5.0
40.917213 -27.1462 -5.0
20.046305 -27.152178 -5.0
25.258204 26.656467 -5.0
52.77529 0.8199931 -5.0
-29.245403 26.727201 -5.0
-19.077826 26.699646 -5.0
15.390828 -27.193197 -5.0
-54.318714 26.075525 -5.0
54.33216 -21.08497 -5.0
-54.26742 17.361897 -5.0
54.283882 -1.0699128 -4.9344788
29.424496 -25.65772 -5.0
-10.900323 -18.860142 -5.0
-52.96 23.670952 -5.0
-47.648743 3.5792 -5.0
-31.776672 28.050018 -5.0
-50.27843 5.0695233 -5.0
49.939693 28.185017 -5.0
-27.768593 -7.637372 -5.0
-52.817078 19.863789 -5.0
-45.848736 1.075022 -5.0
-54.316902 24.426622 -4.984009
-30.325352 -6.190738 -5.0
17.040556 -27.183218 -5.0
49.83538 -27.20865 -5.0
-5.0657277 -22.211363 -4.967041
52.828915 14.946918 -5.0
-54.25241 9.954777 -5.0
52.743057 -13.338621 -5.0
-22.365673 -10.8222065 -5.0
35.06091 26.700352 -5.0
-8.33469 26.60438 -5.0
-33.320152 -4.4358273 -5.0
-46.104416 2.7768106 -5.0
-13.455837 28.155767 -5.0
-4.9673877 26.71782 -5.0
13.088838 -25.889923 -5.0
27.054724 -27.091532 -5.0
36.529682 28.13139 -5.0
22.170055 28.16981 -5.0
54.218555 -7.462929 -5.0
