50.34184 -26.547642 -5.0
-54.299496 27.79455 -5.0
12.447708 28.217028 -5.0
-3.43871 -23.119253 -5.0
54.305553 16.67764 -5.0
-35.83262 -4.576839 -5.0
-20.919964 27.41261 -5.0
23.307487 -27.165747 -5.0
34.950294 28.106787 -5.0
54.098705 -5.108148 -5.0
-54.298615 6.2567143 -5.0
-19.173252 -13.027648 -5.0
-37.618202 27.188692 -5.0
-4.237257 28.022226 -5.0
9.60714 -27.213604 -5.0
36.798103 -25.93771 -5.0
48.066708 28.106558 -5.0
23.692701 27.150646 -5.0
54.25762 -16.202007 -5.0
53.09231 5.793255 -5.0
-53.083202 16.987854 -5.0
-44.607563 1.6212021 -5.0
-10.916001 -17.48454 -5.0
-27.344376 -8.490697 -5.0
4.108588 26.904066 -5.0
-12.538593 27.065762 -5.0
-29.28745 27.772057 -5.0
-45.961235 27.131155 -5.0
54.31204 24.294455 -4.9844055
2.663333 -26.467083 -5.0
16.437637 -26.013048 -5.0
43.51185 -27.06161 -5.0
30.020899 -25.955126 -5.0
41.513412 27.2127 -5.0
54.196262 -22.08838 -5.0
18.042814 26.852863 -5.0
29.356403 27.275906 -5.0
53.100113 -10.641423 -5.0
53.1867 11.295085 -5.0
54.12093 0.39548466 -5.0
-54.32854 22.308361 -5.0
-53.224964 11.573181 -5.0
-39.911247 -1.0197384 -5.0
-49.73385 3.2395818 -5.0
-15.516406 -16.134119 -5.0
-23.70672 -11.539073 -5.0
-6.786205 -19.79479 -5.0
-31.25318 -5.866119 -5.0
52.47075 28.193068 -5.0
8.342154 27.13294 -5.0
-41.845005 28.118307 -5.0
-0.12251951 27.024517 -5.0
-25.114012 26.99943 -5.0
-16.750044 27.99196 -5.0
-8.3159075 26.984734 -5.0
-50.171318 27.027803 -5.0
-33.390408 26.923153 -5.0
53.07552 20.443213 -5.0
54.274902 -26.995466 -5.0
0.196163 -23.696756 -5.0
6.2662573 -25.949934 -5.0
19.794317 -27.1475 -5.0
13.111818 -27.153694 -5.0
33.504257 -27.123901 -5.0
46.879505 -26.074903 -5.0
40.07028 -27.183405 -5.0
26.774275 -27.063557 -5.0
44.900257 26.916548 -5.0
38.1195 26.979551 -5.0
53.083252 -19.040918 -5.0
20.859161 27.963037 -5.0
-53.098686 25.102602 -5.0
52.967583 -2.3115926 -5.0
15.43731 28.215761 -5.0
26.453032 28.149054 -5.0
54.32148 8.591429 -5.0
-54.237427 14.309232 -5.0
-42.80946 -0.7336379 -5.0
-51.411037 5.6116614 -5.0
32.24371 27.037502 -5.0
53.090668 -13.536783 -5.0
54.319195 -8.021666 -5.0
-52.962555 8.745683 -5.0
53.064774 14.143501 -5.0
-53.083027 19.77522 -5.0
54.101566 3.1824594 -5.0
-46.97684 3.1484642 -5.0
-38.221443 -3.2130089 -5.0
53.11462 -24.589035 -5.0
-9.395509 -19.632635 -5.0
-29.844225 -8.114111 -5.0
-16.907099 -14.090856 -5.0
-21.243004 -11.68301 -5.0
-33.70026 -5.863194 -5.0
-13.3552685 -17.315298 -5.0
-4.5949817 -20.979612 -5.0
50.31856 27.074667 -5.0
-25.2229 -9.650491 -5.0
-10.402964 28.159895 -5.0
-35.41461 28.197409 -5.0
54.318794 26.692066 -5.0
2.0492222 28.076696 -5.0
6.215067 28.159996 -5.0
-48.040134 28.082556 -5.0
-23.11695 28.109564 -5.0
-39.870567 27.032125 -5.0
-27.04517 28.113651 -5.0
-14.522164 28.069983 -5.0
-6.4451866 28.2184 -5.0
-18.74864 27.003792 -5.0
-31.523615 28.069643 -5.0
-2.0528111 28.090506 -5.0
10.645167 26.985178 -5.0
-52.13568 28.045662 -5.0
-44.022987 28.083412 -5.0
21.589325 -25.961157 -5.0
25.001776 -25.968832 -5.0
54.223118 22.225819 -5.0
11.269387 -25.999119 -5.0
43.3225 28.230684 -5.0
53.10974 18.394316 -5.0
41.79537 -25.958263 -5.0
4.5785065 -27.1458 -5.0
52.32675 -26.493027 -5.0
0.87619644 -25.547182 -5.0
-1.717817 -24.053055 -5.0
39.680767 28.093235 -5.0
48.48688 -27.095608 -5.0
31.920324 -26.007011 -5.0
18.326164 -25.963734 -5.0
13.940534 27.0944 -5.0
45.3718 -27.189096 -5.0
8.164586 -26.032734 -5.0
54.284134 -12.077111 -5.0
-46.530552 1.3458277 -5.0
35.357212 -27.186714 -5.0
15.037978 -27.202017 -4.9933167
-54.334785 18.45038 -4.9533997
38.095463 -27.213957 -5.0
53.105537 -6.6744013 -5.0
54.313637 12.711091 -5.0
28.661146 -27.127777 -5.0
46.212826 28.138573 -5.0
-54.285995 9.933324 -5.0
36.76361 28.110966 -5.0
-6.260973 -21.53602 -5.0
52.968693 1.6786333 -5.0
52.97019 25.37674 -5.0
54.280148 -20.375362 -5.0
-34.150356 -4.220869 -5.0
-36.561558 -2.8357837 -5.0
19.162086 28.125998 -5.0
30.896967 28.058838 -5.0
-53.08363 5.0888762 -5.0
54.24612 -3.3927317 -5.0
54.28409 -1.2828319 -5.0
-53.043835 23.446949 -5.0
53.051258 -17.333088 -5.0
53.082558 7.531938 -5.0
53.01416 9.565015 -5.0
27.627012 27.021076 -5.0
-41.293182 -0.14127693 -5.0
-13.8608885 -15.772268 -5.0
-54.309044 15.929498 -5.0
2.3227754 -24.869415 -5.0
16.417433 26.959719 -5.0
-53.128067 13.162709 -5.0
-54.293156 7.8733144 -5.0
-20.739128 -13.297572 -5.0
-43.24475 0.80503684 -5.0
-5.39202 26.938976 -5.0
9.597985 28.162458 -5.0
-51.288803 4.046105 -5.0
53.058598 -8.9560795 -5.0
17.405745 -27.244238 -5.0
22.063532 26.962301 -5.0
-18.427122 -14.450208 -5.0
-54.318714 26.075525 -5.0
53.084248 23.335958 -5.0
53.133305 -15.124043 -5.0
-48.28855 2.30967 -5.0
-2.0033782 -22.520308 -5.0
53.094185 15.718897 -5.0
25.232405 27.204845 -5.0
33.222626 28.22138 -5.0
-3.0891905 26.96399 -5.0
44.5003 -25.895063 -5.0
-38.905186 28.216574 -5.0
-53.06699 21.302465 -5.0
-15.57732 26.971735 -5.0
54.17477 4.6966925 -5.0
-43.10144 26.884792 -5.0
54.322563 -23.681591 -4.9861755
7.210003 -27.200167 -5.0
34.4524 -25.952358 -5.0
14.07842 -26.000757 -5.0
54.297096 -18.15512 -5.0
-39.613777 -2.4815211 -5.0
33.99454 26.945337 -5.0
53.9963 28.133745 -5.0
54.33061 6.589274 -4.965973
-30.588293 26.934547 -5.0
47.15271 26.956524 -5.0
54.285294 -9.773879 -5.0
-9.606742 -18.148878 -5.0
54.329617 10.212369 -4.997101
-30.000404 -6.6602097 -5.0
17.444065 28.18547 -5.0
54.288754 -25.457945 -5.0
-48.359264 3.7681642 -5.0
30.946558 -27.093782 -5.0
54.311092 19.219421 -5.0
-52.96954 6.845562 -5.0
-49.747894 4.692712 -5.0
-28.463398 -7.58051 -5.0
36.027515 26.872988 -5.0
39.171104 -26.066683 -5.0
-22.303568 26.933378 -5.0
-53.122704 26.983564 -5.0
-41.377968 -1.567348 -5.0
-19.65386 28.104744 -4.9098816
53.036003 -0.58878535 -5.0
-8.0825205 -19.071852 -5.0
-36.208008 26.979132 -5.0
3.9473884 -25.854881 -5.0
-23.84543 -10.124965 -5.0
-38.405506 -1.7378281 -5.0
6.8302217 26.889206 -5.0
51.726437 26.986767 -5.0
-11.134536 26.933104 -5.0
53.110996 -21.16308 -5.0
-12.188677 -18.088015 -5.0
-53.130543 15.176716 -5.0
-26.608124 -9.836786 -5.0
-54.316902 24.426622 -4.984009
54.277752 14.825643 -5.0
3.5038886 28.156372 -5.0
-44.502506 0.2151572 -5.0
-31.27214 -7.2546225 -5.0
-47.325844 26.88306 -5.0
27.556858 -25.92185 -5.0
53.035137 -22.826588 -5.0
-10.900323 -18.860142 -5.0
-3.4523015 -21.743427 -5.0
-33.951202 28.177162 -5.0
-4.7298055 -22.343164 -5.0
28.331892 28.194328 -5.0
-27.875181 27.025875 -5.0
-34.843216 26.901234 -5.0
5.4651556 26.972044 -5.0
19.931293 26.974047 -5.0
-7.9880314 -20.423683 -5.0
-9.022939 28.139715 -5.0
-9.668163 26.943033 -5.0
